Date,Open,High,Low,Close,Adj Close,Volume
2014-07-08,41.459999,41.689999,41.000000,41.639999,30.522558,2582500
2014-07-09,41.680000,42.860001,41.430000,41.790001,30.632509,2651600
2014-07-10,41.049999,42.049999,40.759998,41.779999,30.625174,2063300
2014-07-11,41.610001,41.779999,40.840000,41.240002,30.229353,1802600
2014-07-14,41.840000,42.070000,41.459999,41.779999,30.625174,1381400
2014-07-15,41.689999,41.939999,40.869999,41.020000,30.068098,1785500
2014-07-16,41.270000,41.720001,41.049999,41.540001,30.449259,1419400
2014-07-17,41.639999,42.020000,41.119999,41.250000,30.236691,2281000
2014-07-18,41.720001,43.369999,41.500000,42.830002,31.394842,3991300
2014-07-21,42.570000,43.240002,42.400002,42.849998,31.409498,2729800
2014-07-22,42.919998,44.330002,42.509998,44.090000,32.318439,2727400
2014-07-23,44.520000,45.689999,44.090000,44.720001,32.780231,4048100
2014-07-24,44.770000,46.200001,44.770000,46.099998,33.791782,4265400
2014-07-25,45.860001,46.080002,45.580002,45.680000,33.483929,1493200
2014-07-28,45.860001,46.549999,45.860001,46.080002,33.777130,1637900
2014-07-29,46.060001,46.590000,41.880001,43.430000,31.834656,12551200
2014-07-30,43.880001,44.500000,43.090000,43.139999,31.622080,5399000
2014-07-31,42.950001,43.040001,41.939999,41.970001,30.764460,2275700
2014-08-01,41.990002,42.560001,41.060001,41.220001,30.214693,2468000
2014-08-04,41.349998,42.119999,41.320000,41.689999,30.559206,2733500
2014-08-05,41.500000,42.020000,41.150002,41.330002,30.295330,1725800
2014-08-06,41.029999,41.820000,40.869999,41.500000,30.419935,1610900
2014-08-07,41.740002,41.950001,40.849998,40.869999,29.958138,1210500
2014-08-08,40.939999,40.939999,40.270000,40.700001,29.833529,1766300
2014-08-11,40.990002,41.709999,40.700001,41.639999,30.522558,1496000
2014-08-12,41.619999,41.630001,40.610001,40.930000,30.002127,1688600
2014-08-13,41.209999,41.369999,40.419998,41.340000,30.302656,1388500
2014-08-14,41.490002,41.900002,40.790001,41.830002,30.661833,2229400
2014-08-15,41.869999,41.889999,39.400002,39.639999,29.056534,4259100
2014-08-18,40.060001,40.740002,39.950001,40.650002,29.796877,2660200
2014-08-19,40.799999,41.290001,40.740002,40.880001,29.965469,2092000
2014-08-20,40.860001,41.380001,40.060001,41.330002,30.295330,2297000
2014-08-21,41.669998,41.730000,40.310001,40.490002,29.679605,4969000
2014-08-22,43.680000,44.500000,42.380001,42.900002,31.446152,8578300
2014-08-25,43.580002,43.580002,41.880001,42.410000,31.086975,3461100
2014-08-26,42.439999,42.950001,41.900002,42.770000,31.350855,2403700
2014-08-27,42.970001,43.110001,42.570000,42.990002,31.512133,1102800
2014-08-28,42.750000,43.200001,42.250000,43.169998,31.644066,1807900
2014-08-29,42.939999,42.980000,42.110001,42.200001,31.171320,1811600
2014-09-02,42.290001,43.950001,42.230000,43.750000,32.316242,3073200
2014-09-03,44.000000,44.080002,43.419998,43.529999,32.153740,1673900
2014-09-04,43.599998,44.490002,43.540001,44.439999,32.825912,2270300
2014-09-05,44.310001,45.250000,43.770000,45.240002,33.416847,2771200
2014-09-08,45.099998,45.410000,44.189999,44.279999,32.707726,1992500
2014-09-09,44.150002,44.279999,43.060001,43.160000,31.880442,2607100
2014-09-10,43.430000,43.560001,42.750000,43.139999,31.865665,2247600
2014-09-11,43.060001,43.990002,42.980000,43.959999,32.471367,1941900
2014-09-12,44.029999,44.400002,43.470001,43.610001,32.212826,1705400
2014-09-15,43.580002,43.779999,43.189999,43.509998,32.138966,1180600
2014-09-16,43.450001,45.450001,43.290001,44.849998,33.128765,2744800
2014-09-17,44.849998,44.959999,43.950001,44.020000,32.515686,2246900
2014-09-18,44.000000,44.389999,43.520000,44.230000,32.670803,1859600
2014-09-19,44.330002,44.430000,43.270000,43.380001,32.042942,2494600
2014-09-22,43.330002,43.459999,43.020000,43.380001,32.042942,1320300
2014-09-23,43.349998,43.349998,42.380001,42.380001,31.304281,1320000
2014-09-24,42.349998,43.279999,42.110001,43.169998,31.887819,2118700
2014-09-25,43.330002,43.680000,42.060001,42.060001,31.067911,2076000
2014-09-26,42.060001,42.619999,41.669998,42.040001,31.053135,1597800
2014-09-29,41.740002,42.369999,41.419998,42.060001,31.067911,1350000
2014-09-30,42.000000,42.139999,41.189999,41.200001,30.432673,2084000
2014-10-01,41.119999,41.139999,40.279999,40.380001,29.826967,2326400
2014-10-02,40.320000,41.119999,39.610001,40.880001,30.196301,2509500
2014-10-03,41.130001,41.490002,40.439999,40.459999,29.886059,1854100
2014-10-06,40.500000,40.590000,39.549999,39.560001,29.221273,2483600
2014-10-07,39.439999,40.029999,39.000000,39.009998,28.815010,2526600
2014-10-08,39.150002,39.730000,38.599998,39.639999,29.280357,2645400
2014-10-09,39.560001,39.860001,38.099998,38.299999,28.290564,2375600
2014-10-10,38.209999,39.470001,38.189999,38.310001,28.297953,3107800
2014-10-13,38.130001,38.389999,37.099998,37.200001,27.478035,2457800
2014-10-14,37.290001,37.549999,36.869999,37.200001,27.478035,3018800
2014-10-15,36.459999,38.810001,35.820000,38.459999,28.408749,3705700
2014-10-16,37.779999,40.160000,37.540001,39.230000,28.977510,3861900
2014-10-17,39.650002,40.360001,39.400002,39.860001,29.442862,4078600
2014-10-20,39.700001,41.009998,39.520000,40.660000,30.033796,3004500
2014-10-21,40.840000,41.180000,40.520000,40.709999,30.070730,2467100
2014-10-22,40.810001,41.169998,40.560001,40.599998,29.989470,1655300
2014-10-23,40.849998,41.650002,40.740002,41.259998,30.476994,1419700
2014-10-24,41.320000,42.389999,41.060001,42.029999,31.045757,1898200
2014-10-27,42.000000,42.450001,41.570000,41.810001,30.883251,2074300
2014-10-28,41.189999,41.290001,39.310001,41.029999,30.307091,4116200
2014-10-29,41.029999,41.830002,40.820000,41.529999,30.676422,1518100
2014-10-30,41.380001,42.349998,41.380001,42.080002,31.082684,1483700
2014-10-31,42.540001,43.889999,42.529999,42.759998,31.584974,2996300
2014-11-03,42.759998,43.139999,42.380001,42.709999,31.548037,1508400
2014-11-04,42.529999,42.810001,42.119999,42.730000,31.562813,1477400
2014-11-05,43.520000,43.849998,42.709999,43.040001,31.791798,1385000
2014-11-06,43.049999,44.840000,43.049999,44.730000,33.040119,3184900
2014-11-07,44.669998,44.779999,43.639999,43.689999,32.271927,2354100
2014-11-10,43.680000,44.009998,42.380001,42.740002,31.570202,3847900
2014-11-11,42.869999,43.209999,42.360001,42.500000,31.392920,1797500
2014-11-12,42.509998,43.689999,42.509998,43.410000,32.065105,2285800
2014-11-13,44.150002,44.700001,43.900002,44.459999,32.840687,3045100
2014-11-14,43.549999,44.490002,42.900002,44.400002,32.796371,2790300
2014-11-17,44.360001,44.700001,43.799999,44.099998,32.574768,2020700
2014-11-18,44.099998,44.400002,43.540001,44.020000,32.515686,2006100
2014-11-19,44.380001,44.459999,43.330002,43.610001,32.212826,3782100
2014-11-20,44.169998,44.700001,43.270000,43.869999,32.404884,5961500
2014-11-21,39.410000,39.950001,37.110001,37.860001,28.177519,18761100
2014-11-24,37.730000,38.230000,36.880001,37.759998,28.103081,7868200
2014-11-25,38.110001,38.270000,37.049999,37.400002,27.835157,5171800
2014-11-26,37.509998,37.709999,37.070000,37.200001,27.686300,2570000
2014-11-28,37.209999,37.980000,37.209999,37.810001,28.140295,1920400
2014-12-01,37.619999,37.669998,35.630001,35.830002,26.666668,6784300
2014-12-02,36.000000,36.750000,35.299999,35.540001,26.450838,3673100
2014-12-03,35.459999,36.709999,35.150002,36.610001,27.247190,4531800
2014-12-04,36.619999,37.139999,36.139999,37.070000,27.589540,3148900
2014-12-05,37.029999,37.480000,36.580002,37.419998,27.850035,2817300
2014-12-08,37.099998,37.099998,34.770000,35.189999,26.190342,4520700
2014-12-09,34.619999,35.650002,34.000000,35.570000,26.473166,5112100
2014-12-10,34.740002,34.919998,33.320000,33.330002,24.806036,5343500
2014-12-11,33.650002,34.990002,33.529999,33.910000,25.237701,5028000
2014-12-12,33.709999,34.000000,32.259998,32.299999,24.039450,5911900
2014-12-15,32.610001,33.520000,32.009998,32.930000,24.508331,4490600
2014-12-16,32.590000,33.549999,31.809999,31.920000,23.756634,4421400
2014-12-17,32.110001,32.730000,31.900000,32.689999,24.329712,3610600
2014-12-18,33.250000,33.650002,32.400002,33.099998,24.634853,3397200
2014-12-19,33.470001,34.500000,32.930000,34.500000,25.676813,4583300
2014-12-22,36.480000,36.599998,33.840000,34.119999,25.393999,5196200
2014-12-23,34.290001,35.119999,34.119999,34.630001,25.773565,3803100
2014-12-24,34.860001,34.860001,33.220001,33.389999,24.850687,2749600
2014-12-26,33.580002,34.049999,33.189999,33.650002,25.044195,3849400
2014-12-29,33.529999,33.820000,32.900002,33.650002,25.044195,2399900
2014-12-30,33.450001,34.349998,33.200001,33.830002,25.178167,2134100
2014-12-31,34.230000,34.410000,33.709999,33.799999,25.155836,1614800
2015-01-02,34.060001,34.160000,33.250000,33.799999,25.155836,1612700
2015-01-05,33.520000,34.880001,33.330002,34.720001,25.840551,4934900
2015-01-06,35.169998,36.029999,33.520000,33.689999,25.073961,4885100
2015-01-07,34.290001,34.680000,32.980000,33.299999,24.783703,2558300
2015-01-08,33.599998,34.169998,33.320000,33.689999,25.073961,4547400
2015-01-09,33.590000,33.709999,32.090000,32.270000,24.017122,4074900
2015-01-12,32.549999,33.840000,31.690001,33.770000,25.133509,3620500
2015-01-13,34.200001,35.099998,32.700001,32.770000,24.389254,2932300
2015-01-14,37.200001,37.349998,35.840000,36.209999,26.949488,7436600
2015-01-15,36.029999,36.750000,34.220001,34.459999,25.647041,5139200
2015-01-16,35.689999,36.410000,34.919998,36.349998,27.053684,4256800
2015-01-20,36.330002,36.750000,35.209999,36.070000,26.845295,4536600
2015-01-21,35.669998,37.099998,35.470001,36.840000,27.418369,2965600
2015-01-22,37.240002,37.240002,36.150002,37.119999,27.626753,2155300
2015-01-23,36.950001,37.500000,36.430000,37.400002,27.835157,1800500
2015-01-26,37.389999,38.459999,37.270000,38.160000,28.400784,2426500
2015-01-27,38.139999,39.000000,37.590000,38.279999,28.490097,2007000
2015-01-28,38.500000,39.299999,37.439999,37.610001,27.991447,2752300
2015-01-29,37.820000,37.820000,35.470001,36.270000,26.994141,3390600
2015-01-30,35.840000,36.099998,35.060001,35.250000,26.235006,3034800
2015-02-02,35.110001,36.930000,34.520000,36.830002,27.410929,2426300
2015-02-03,36.790001,37.919998,36.389999,37.500000,27.909580,1461600
2015-02-04,37.169998,37.419998,35.660000,36.630001,27.262081,2038100
2015-02-05,36.740002,37.279999,36.259998,36.700001,27.314175,1363100
2015-02-06,36.959999,37.389999,36.439999,36.759998,27.358829,1482300
2015-02-09,36.540001,37.580002,36.520000,37.180000,27.671415,1556500
2015-02-10,37.189999,38.130001,37.009998,38.040001,28.311478,2434400
2015-02-11,38.080002,38.189999,37.259998,37.520000,27.924463,1479800
2015-02-12,37.599998,37.770000,37.000000,37.250000,27.723515,1230900
2015-02-13,37.040001,37.900002,36.869999,37.349998,27.797937,1664700
2015-02-17,37.349998,38.209999,36.799999,37.360001,27.805384,1355100
2015-02-18,36.990002,37.549999,36.599998,37.500000,27.909580,1049900
2015-02-19,37.689999,37.689999,37.049999,37.529999,27.931902,774000
2015-02-20,37.660000,38.040001,37.410000,37.490002,27.902136,1295900
2015-02-23,37.939999,37.990002,37.009998,37.349998,27.797937,1150400
2015-02-24,37.660000,37.790001,36.910000,37.139999,27.641647,751800
2015-02-25,37.349998,37.820000,36.919998,37.279999,27.745842,1018500
2015-02-26,37.250000,37.480000,36.830002,37.029999,27.559776,1139800
2015-02-27,37.110001,37.720001,36.689999,36.970001,27.515123,1462700
2015-03-02,36.970001,38.900002,36.970001,38.669998,28.780354,2397500
2015-03-03,38.959999,39.250000,38.540001,38.680000,28.787804,1177400
2015-03-04,39.180000,40.450001,38.720001,40.029999,29.792547,2094800
2015-03-05,39.980000,40.560001,39.529999,40.000000,29.770218,1214300
2015-03-06,39.820000,40.580002,39.820000,40.160000,29.889305,1185500
2015-03-09,40.119999,41.470001,39.810001,40.830002,30.387951,1538100
2015-03-10,40.529999,41.160000,40.110001,40.650002,30.253990,1493100
2015-03-11,41.299999,42.669998,39.119999,39.480000,29.383204,1909100
2015-03-12,39.950001,40.209999,39.060001,39.680000,29.532059,1132900
2015-03-13,40.240002,40.889999,39.959999,40.700001,30.568533,1791600
2015-03-16,40.730000,41.279999,40.650002,41.090000,30.861450,1055300
2015-03-17,41.160000,41.299999,40.509998,40.910000,30.726257,877000
2015-03-18,40.759998,41.349998,40.160000,41.119999,30.883978,1115800
2015-03-19,41.080002,41.169998,40.610001,40.790001,30.636126,897100
2015-03-20,40.849998,41.189999,40.529999,40.919998,30.733767,2407300
2015-03-23,41.070000,41.730000,40.750000,41.340000,31.049215,1753400
2015-03-24,41.279999,41.529999,40.900002,40.910000,30.726257,2578000
2015-03-25,40.910000,41.209999,39.799999,39.810001,29.900082,2071300
2015-03-26,39.490002,39.799999,38.580002,38.790001,29.133991,4853500
2015-03-27,37.669998,38.790001,37.139999,38.360001,28.811028,5495800
2015-03-30,38.400002,38.500000,37.509998,37.689999,28.307816,2990100
2015-03-31,37.380001,38.549999,37.220001,37.959999,28.510607,2114700
2015-04-01,37.860001,38.500000,37.330002,37.779999,28.375410,2464900
2015-04-02,38.060001,38.810001,37.880001,38.200001,28.690855,1172600
2015-04-06,38.000000,38.389999,37.680000,38.369999,28.818537,1483900
2015-04-07,38.369999,38.500000,37.919998,37.980000,28.525623,1332100
2015-04-08,37.799999,38.779999,37.740002,38.709999,29.073900,1649200
2015-04-09,38.759998,40.000000,38.349998,39.990002,30.035278,1911600
2015-04-10,40.180000,40.410000,39.560001,40.400002,30.343212,1269000
2015-04-13,40.400002,40.799999,39.459999,40.419998,30.358238,1843900
2015-04-14,40.250000,40.520000,39.680000,40.400002,30.343212,1497600
2015-04-15,40.580002,40.959999,39.959999,40.889999,30.711231,2297100
2015-04-16,40.939999,41.299999,40.680000,40.939999,30.748795,1457200
2015-04-17,40.709999,40.750000,39.459999,39.660000,29.787422,1562100
2015-04-20,39.790001,40.439999,39.759998,40.320000,30.283121,1309600
2015-04-21,40.439999,40.490002,39.730000,40.080002,30.102875,1377000
2015-04-22,40.000000,40.360001,39.599998,40.240002,30.223040,976100
2015-04-23,40.250000,40.540001,40.049999,40.320000,30.283121,866600
2015-04-24,40.299999,40.770000,40.139999,40.709999,30.576046,871800
2015-04-27,40.730000,41.009998,40.250000,40.279999,30.253084,1048800
2015-04-28,40.180000,40.470001,39.560001,40.389999,30.335703,947800
2015-04-29,40.070000,40.540001,39.160000,39.330002,29.539568,1246300
2015-04-30,39.230000,39.330002,38.419998,38.540001,28.946220,1135700
2015-05-01,38.630001,39.189999,38.459999,39.169998,29.419392,769800
2015-05-04,39.310001,40.160000,39.099998,40.119999,30.132919,878000
2015-05-05,39.930000,40.290001,39.740002,40.020000,30.057808,1096900
2015-05-06,39.900002,39.900002,38.750000,39.130001,29.389357,1451900
2015-05-07,39.139999,39.619999,38.470001,39.509998,29.674759,1705100
2015-05-08,39.840000,40.500000,39.720001,40.189999,30.185482,1055500
2015-05-11,40.090000,40.490002,39.740002,39.759998,29.862522,1018900
2015-05-12,39.500000,39.820000,39.020000,39.049999,29.329264,1333600
2015-05-13,39.070000,39.380001,38.520000,39.200001,29.441936,1569800
2015-05-14,39.380001,39.400002,38.750000,39.169998,29.419392,747200
2015-05-15,39.169998,40.090000,39.099998,40.060001,30.087845,1386700
2015-05-18,40.099998,40.310001,39.700001,40.240002,30.223040,1159700
2015-05-19,40.380001,40.430000,40.029999,40.310001,30.275618,1001900
2015-05-20,40.200001,40.330002,39.680000,40.139999,30.147930,1006500
2015-05-21,40.430000,40.919998,40.250000,40.770000,30.621103,1287000
2015-05-22,40.759998,40.980000,40.380001,40.799999,30.643639,1139100
2015-05-26,40.689999,40.980000,39.849998,40.180000,30.177969,1237100
2015-05-27,40.549999,40.619999,39.400002,39.470001,29.644720,1799700
2015-05-28,39.570000,41.320000,39.509998,40.919998,30.733767,3858200
2015-05-29,43.980000,44.490002,43.119999,43.410000,32.603935,8682800
2015-06-01,43.740002,44.099998,42.410000,43.470001,32.648994,3292800
2015-06-02,43.389999,44.419998,42.770000,43.970001,33.024529,2307500
2015-06-03,43.990002,44.310001,43.599998,43.720001,32.836761,1990300
2015-06-04,44.150002,44.459999,43.869999,44.020000,33.062088,1868000
2015-06-05,44.099998,44.250000,43.590000,44.139999,33.152210,1492500
2015-06-08,44.020000,44.279999,43.020000,43.049999,32.599422,1477000
2015-06-09,43.119999,43.450001,42.889999,42.900002,32.485840,1284200
2015-06-10,43.150002,43.480000,42.700001,42.849998,32.447971,1784700
2015-06-11,43.209999,43.730000,42.750000,43.000000,32.561558,1807900
2015-06-12,42.919998,43.270000,42.689999,42.959999,32.531273,1334700
2015-06-15,42.869999,43.270000,42.320000,42.520000,32.198082,1859200
2015-06-16,42.419998,42.650002,41.970001,42.509998,32.190506,1383000
2015-06-17,42.520000,43.230000,42.180000,43.029999,32.584278,2165300
2015-06-18,43.200001,43.389999,42.860001,43.189999,32.705441,2020800
2015-06-19,43.400002,43.820000,43.000000,43.090000,32.629707,2339300
2015-06-22,43.250000,44.119999,43.009998,43.889999,33.235512,2540900
2015-06-23,44.029999,44.549999,43.840000,44.360001,33.591419,1758500
2015-06-24,44.189999,45.500000,44.160000,44.549999,33.735287,2421900
2015-06-25,44.580002,44.730000,43.650002,43.660000,33.061344,1617100
2015-06-26,43.779999,44.139999,43.369999,44.040001,33.349102,1900900
2015-06-29,43.730000,43.930000,42.759998,42.770000,32.387398,1114700
2015-06-30,43.080002,43.200001,42.770000,42.959999,32.531273,1117700
2015-07-01,43.250000,44.410000,43.160000,44.119999,33.409672,1731400
2015-07-02,43.810001,44.500000,43.500000,43.560001,32.985622,1204600
2015-07-06,43.119999,44.349998,42.970001,44.320000,33.561131,1506700
2015-07-07,44.290001,46.049999,44.029999,46.029999,34.856010,2409700
2015-07-08,45.770000,46.230000,45.490002,45.740002,34.636417,2448000
2015-07-09,46.400002,47.090000,45.880001,46.900002,35.514812,2715600
2015-07-10,47.290001,47.340000,46.400002,46.959999,35.560253,1491500
2015-07-13,47.209999,47.660000,46.840000,47.349998,35.855576,1651800
2015-07-14,47.220001,47.450001,46.250000,46.730000,35.386089,2652700
2015-07-15,46.849998,47.000000,46.349998,46.419998,35.151337,1345800
2015-07-16,46.480000,47.759998,46.180000,47.230000,35.764709,2613000
2015-07-17,47.230000,47.549999,46.380001,46.669998,35.340649,1329300
2015-07-20,46.500000,46.950001,46.150002,46.830002,35.461815,1318300
2015-07-21,46.720001,46.959999,46.230000,46.939999,35.545105,1276500
2015-07-22,46.770000,47.520000,46.400002,47.200001,35.741989,1626700
2015-07-23,47.230000,47.619999,46.590000,46.939999,35.545105,962300
2015-07-24,47.000000,47.080002,45.330002,45.490002,34.447109,2030700
2015-07-27,45.400002,45.820000,44.900002,45.320000,34.318371,1573800
2015-07-28,45.500000,45.740002,44.730000,45.279999,34.288078,1232400
2015-07-29,45.439999,45.889999,45.189999,45.869999,34.734856,1001200
2015-07-30,45.750000,46.450001,45.430000,46.160000,34.954456,933600
2015-07-31,46.259998,46.470001,45.630001,45.849998,34.719707,1095800
2015-08-03,45.980000,46.180000,44.840000,44.950001,34.038189,1205300
2015-08-04,44.709999,45.650002,44.509998,45.570000,34.507687,1803100
2015-08-05,45.680000,46.630001,45.639999,46.389999,35.128628,1241900
2015-08-06,46.220001,46.320000,44.919998,45.349998,34.341087,1111700
2015-08-07,45.340000,45.410000,44.650002,45.169998,34.204784,947100
2015-08-10,45.880001,46.040001,45.340000,45.810001,34.689419,1216200
2015-08-11,45.430000,45.799999,45.000000,45.720001,34.621269,1247200
2015-08-12,45.330002,45.889999,44.630001,45.619999,34.545544,1276100
2015-08-13,45.650002,46.869999,45.590000,46.099998,34.909023,1101600
2015-08-14,46.549999,47.830002,46.549999,47.439999,35.923729,2436900
2015-08-17,47.439999,47.470001,46.459999,46.950001,35.552689,1085600
2015-08-18,47.040001,47.709999,46.900002,46.990002,35.582970,1619000
2015-08-19,46.830002,47.169998,45.740002,46.450001,35.174057,1754000
2015-08-20,45.660000,46.000000,45.189999,45.230000,34.250225,1508000
2015-08-21,44.770000,46.110001,44.639999,44.830002,33.947327,2025200
2015-08-24,41.860001,44.150002,38.660000,42.959999,32.531273,2312700
2015-08-25,44.080002,44.680000,43.270000,43.889999,33.235512,4730100
2015-08-26,44.680000,45.529999,44.029999,45.360001,34.348660,3783600
2015-08-27,46.209999,47.000000,45.439999,46.200001,34.984749,2919900
2015-08-28,44.660000,44.939999,41.540001,42.490002,32.175369,8430500
2015-08-31,42.270000,42.610001,41.549999,42.480000,32.167797,2465300
2015-09-01,41.529999,42.150002,40.720001,41.180000,31.183376,2338600
2015-09-02,41.680000,42.080002,41.119999,41.810001,31.660442,2536900
2015-09-03,42.000000,42.779999,41.540001,41.709999,31.584713,2093200
2015-09-04,41.200001,41.560001,40.709999,41.250000,31.508329,1531900
2015-09-08,41.970001,41.970001,40.759998,41.790001,31.920811,2177000
2015-09-09,42.029999,42.240002,41.650002,41.790001,31.920811,1468700
2015-09-10,41.660000,42.889999,41.500000,42.349998,32.348549,1433300
2015-09-11,42.230000,42.869999,41.680000,42.779999,32.677002,1515400
2015-09-14,42.840000,43.200001,42.259998,43.169998,32.974895,1409700
2015-09-15,43.259998,43.320000,42.759998,43.000000,32.845043,1124600
2015-09-16,42.950001,44.150002,42.900002,43.980000,33.593609,1539800
2015-09-17,43.990002,44.430000,42.869999,43.610001,33.310986,1699100
2015-09-18,43.150002,43.580002,42.230000,42.270000,32.287445,2062600
2015-09-21,42.720001,42.830002,41.439999,41.720001,31.867340,1655000
2015-09-22,41.259998,41.759998,41.009998,41.349998,31.584717,1000700
2015-09-23,41.220001,41.580002,40.650002,41.080002,31.378489,785200
2015-09-24,40.740002,41.490002,40.610001,41.200001,31.470142,1364200
2015-09-25,41.310001,41.860001,40.450001,41.000000,31.317375,1665700
2015-09-28,40.840000,41.070000,39.939999,40.299999,30.782686,1713200
2015-09-29,40.200001,40.910000,39.660000,40.430000,30.881981,2108000
2015-09-30,41.009998,41.320000,40.610001,41.209999,31.477779,1716600
2015-10-01,41.299999,41.630001,39.810001,40.520000,30.950729,1958400
2015-10-02,40.279999,41.549999,40.009998,41.500000,31.699287,1491600
2015-10-05,41.599998,42.639999,41.529999,42.480000,32.447849,1917900
2015-10-06,42.439999,43.480000,42.410000,43.340000,33.104752,1879500
2015-10-07,43.430000,43.810001,42.619999,43.439999,33.181137,1225400
2015-10-08,43.040001,44.340000,43.040001,43.980000,33.593609,1134100
2015-10-09,43.720001,44.459999,43.459999,44.410000,33.922066,956200
2015-10-12,44.279999,44.639999,43.840000,43.939999,33.563061,747900
2015-10-13,43.709999,44.160000,43.400002,43.520000,33.242245,810500
2015-10-14,43.459999,43.720001,42.730000,43.049999,32.883240,756900
2015-10-15,43.259998,43.970001,42.849998,43.930000,33.555420,880500
2015-10-16,44.279999,44.490002,43.590000,44.459999,33.960251,898500
2015-10-19,44.459999,44.939999,44.009998,44.720001,34.158848,761600
2015-10-20,44.779999,45.619999,44.730000,45.099998,34.449108,1536200
2015-10-21,45.279999,46.209999,45.130001,46.040001,35.167114,1157900
2015-10-22,46.180000,47.270000,45.590000,46.980000,35.885128,1565500
2015-10-23,47.619999,47.619999,45.090000,45.349998,34.640060,2302100
2015-10-26,45.369999,45.529999,44.349998,44.669998,34.120655,1464100
2015-10-27,44.720001,44.910000,43.549999,44.250000,33.799854,1146000
2015-10-28,44.459999,45.689999,44.290001,45.549999,34.792835,908000
2015-10-29,45.639999,46.180000,45.369999,45.709999,34.915039,746100
2015-10-30,45.919998,46.549999,45.570000,46.070000,35.190037,1219800
2015-11-02,46.029999,46.490002,45.570000,46.180000,35.274055,955300
2015-11-03,46.299999,46.799999,46.070000,46.750000,35.709442,1428300
2015-11-04,46.730000,47.110001,46.619999,46.849998,35.785831,1308900
2015-11-05,46.950001,47.160000,46.299999,46.939999,35.854568,986900
2015-11-06,46.750000,47.480000,46.349998,46.820000,35.762905,1919200
2015-11-09,46.770000,46.820000,45.430000,45.500000,34.754646,1523300
2015-11-10,45.439999,46.209999,45.250000,45.939999,35.090729,1518200
2015-11-11,46.080002,46.299999,44.430000,44.580002,34.051914,1881300
2015-11-12,44.459999,44.799999,43.869999,44.529999,34.013718,1886500
2015-11-13,39.939999,40.099998,37.070000,37.180000,28.399508,9515200
2015-11-16,37.000000,38.189999,36.950001,38.090000,29.094603,2570000
2015-11-17,38.299999,38.299999,36.900002,37.160000,28.384224,2598800
2015-11-18,37.570000,38.060001,37.230000,37.810001,28.880722,2284200
2015-11-19,37.650002,38.959999,37.500000,38.459999,29.377224,2054700
2015-11-20,39.099998,39.770000,38.570000,39.259998,29.988287,2794200
2015-11-23,33.139999,37.689999,33.000000,37.610001,28.727961,16933800
2015-11-24,35.990002,38.230000,35.930000,37.910000,28.957111,5363000
2015-11-25,37.790001,38.029999,36.599998,36.639999,27.987036,2057900
2015-11-27,36.880001,36.950001,35.799999,36.009998,27.505814,1192500
2015-11-30,35.560001,35.830002,34.900002,35.029999,26.757256,3223100
2015-12-01,35.049999,35.169998,34.250000,34.700001,26.780411,2181300
2015-12-02,34.700001,34.840000,33.860001,33.869999,26.139843,2867700
2015-12-03,33.849998,33.849998,32.189999,32.779999,25.298611,3718000
2015-12-04,32.770000,33.349998,32.240002,33.299999,25.699926,3528300
2015-12-07,33.200001,33.389999,32.500000,33.070000,25.522425,2948100
2015-12-08,32.599998,33.889999,32.270000,33.740002,26.039511,2802800
2015-12-09,33.110001,34.029999,32.400002,32.439999,25.036209,2582300
2015-12-10,32.549999,32.900002,31.469999,32.009998,24.704351,4081400
2015-12-11,30.219999,31.350000,29.940001,30.000000,23.153093,6593000
2015-12-14,30.000000,30.660000,29.719999,30.270000,23.361471,2939500
2015-12-15,30.740000,31.150000,30.400000,30.540001,23.569849,2538300
2015-12-16,30.820000,31.000000,30.120001,30.559999,23.585285,2185100
2015-12-17,30.559999,30.709999,29.049999,29.049999,22.419910,2279400
2015-12-18,28.920000,28.940001,27.900000,28.760000,22.196098,5602500
2015-12-21,28.530001,29.100000,28.049999,28.750000,22.188377,3418200
2015-12-22,28.900000,28.900000,28.160000,28.600000,22.072613,3065900
2015-12-23,28.799999,28.930000,28.260000,28.750000,22.188377,2778300
2015-12-24,28.620001,28.799999,28.280001,28.370001,21.895107,869000
2015-12-28,28.370001,28.940001,28.139999,28.469999,21.972286,2325400
2015-12-29,28.620001,28.799999,28.330000,28.430000,21.941414,2040400
2015-12-30,28.370001,28.940001,28.240000,28.480000,21.980001,1438300
2015-12-31,28.430000,28.860001,28.030001,28.040001,21.640425,1696000
2016-01-04,27.040001,28.459999,27.010000,28.309999,21.848804,4330400
2016-01-05,28.590000,29.010000,28.059999,28.770000,22.203817,3416600
2016-01-06,28.230000,28.740000,27.440001,28.370001,21.895107,3756400
2016-01-07,28.120001,28.770000,27.740000,28.450001,21.956852,2662800
2016-01-08,28.700001,28.790001,28.040001,28.370001,21.895107,2699200
2016-01-11,28.330000,29.549999,27.990000,29.379999,22.674595,3256700
2016-01-12,28.950001,29.219999,26.309999,27.879999,21.516939,8089400
2016-01-13,27.709999,27.820000,26.480000,26.940001,20.791479,2921600
2016-01-14,27.420000,27.420000,25.180000,25.580000,19.741871,4589400
2016-01-15,25.059999,25.940001,24.850000,25.639999,19.788172,3187700
2016-01-19,25.959999,25.980000,25.049999,25.510000,19.687847,2784500
2016-01-20,25.209999,25.450001,24.330000,25.190001,19.440878,2236300
2016-01-21,25.190001,25.940001,25.150000,25.290001,19.518059,2118300
2016-01-22,25.730000,26.030001,25.430000,25.670000,19.811331,1763600
2016-01-25,25.600000,25.969999,24.910000,25.059999,19.340549,1445200
2016-01-26,25.350000,26.480000,25.139999,26.059999,20.112318,2769000
2016-01-27,26.240000,26.780001,25.820000,26.150000,20.181780,2002900
2016-01-28,26.490000,26.610001,25.670000,25.709999,19.842199,1398900
2016-01-29,25.760000,26.250000,25.610001,26.209999,20.228088,2317800
2016-02-01,26.200001,26.860001,25.850000,26.809999,20.691143,2787300
2016-02-02,26.629999,26.709999,25.590000,25.920000,20.004274,1840600
2016-02-03,26.110001,26.280001,24.750000,26.170000,20.197214,2223400
2016-02-04,26.059999,27.190001,25.379999,27.010000,20.845501,2000200
2016-02-05,27.010000,27.180000,26.430000,26.830000,20.706583,1545800
2016-02-08,26.549999,27.959999,26.500000,27.889999,21.524656,2944800
2016-02-09,27.650000,27.879999,26.709999,27.120001,20.930395,3286800
2016-02-10,27.200001,27.290001,26.620001,26.650000,20.567661,1370100
2016-02-11,26.450001,26.950001,26.139999,26.670000,20.583097,1479700
2016-02-12,26.770000,27.379999,26.299999,26.980000,20.822350,2581800
2016-02-16,27.330000,28.049999,26.889999,28.000000,21.609554,1436000
2016-02-17,28.219999,29.000000,27.959999,28.740000,22.180658,1672400
2016-02-18,28.799999,29.799999,28.670000,29.240000,22.566547,2762000
2016-02-19,29.219999,29.219999,27.780001,28.190001,21.756191,2132500
2016-02-22,28.530001,29.629999,28.430000,29.209999,22.543394,1680600
2016-02-23,29.600000,29.860001,28.980000,29.440001,22.720905,1264900
2016-02-24,29.420000,29.900000,28.260000,29.889999,23.068193,1604200
2016-02-25,29.600000,30.059999,29.309999,29.959999,23.122219,1528900
2016-02-26,30.110001,30.610001,29.930000,30.540001,23.569849,1693900
2016-02-29,30.440001,31.090000,30.020000,30.820000,23.785942,2350400
2016-03-01,31.049999,31.240000,30.490000,30.940001,23.878555,2130100
2016-03-02,30.879999,31.680000,29.160000,31.290001,24.148674,4113100
2016-03-03,31.360001,32.950001,31.280001,32.709999,25.244589,3549000
2016-03-04,32.270000,32.560001,31.190001,31.230000,24.378124,2530400
2016-03-07,31.030001,31.700001,30.379999,30.740000,23.995630,2830300
2016-03-08,30.889999,30.990000,29.809999,30.120001,23.511656,2328500
2016-03-09,30.379999,31.570000,30.160000,31.290001,24.424961,2594500
2016-03-10,31.330000,31.330000,29.940001,30.440001,23.761448,2049300
2016-03-11,30.540001,31.090000,30.440001,30.750000,24.003435,1619300
2016-03-14,30.760000,32.029999,30.719999,31.660000,24.713781,1730400
2016-03-15,31.510000,31.730000,29.969999,30.780001,24.026854,2027900
2016-03-16,31.150000,32.009998,30.820000,31.910000,24.908930,1562400
2016-03-17,32.180000,32.220001,31.010000,31.360001,24.479597,3050200
2016-03-18,31.580000,32.290001,30.790001,30.830000,24.065882,5542700
2016-03-21,30.920000,31.660000,30.049999,30.850000,24.081497,3358700
2016-03-22,30.750000,30.790001,30.010000,30.180000,23.558491,2175000
2016-03-23,30.180000,30.809999,30.049999,30.370001,23.706810,1969200
2016-03-24,30.340000,30.500000,29.610001,30.270000,23.628746,4488100
2016-03-28,28.950001,30.950001,28.400000,30.090000,23.488241,8247200
2016-03-29,30.180000,31.930000,30.000000,31.510000,24.596691,3802500
2016-03-30,31.570000,31.969999,31.000000,31.760000,24.791840,2522100
2016-03-31,31.870001,32.430000,31.670000,31.730000,24.768423,2094000
2016-04-01,31.730000,31.760000,30.709999,31.340000,24.463989,2135100
2016-04-04,31.389999,31.420000,30.709999,30.930000,24.143944,1491800
2016-04-05,30.799999,31.080000,30.219999,30.290001,23.644358,1751000
2016-04-06,30.250000,31.100000,29.790001,30.090000,23.488241,2301500
2016-04-07,30.110001,30.209999,29.000000,29.120001,22.731058,3673900
2016-04-08,29.270000,29.870001,29.120001,29.490000,23.019878,2122600
2016-04-11,29.740000,30.620001,29.719999,29.879999,23.324310,2045300
2016-04-12,30.000000,30.469999,29.709999,30.090000,23.488241,1960100
2016-04-13,30.250000,31.600000,30.190001,31.469999,24.565464,2172900
2016-04-14,31.360001,31.730000,30.610001,31.650000,24.705973,2564900
2016-04-15,31.750000,32.139999,31.510000,31.790001,24.815258,2585500
2016-04-18,31.860001,32.389999,31.629999,32.209999,25.143110,1782200
2016-04-19,32.340000,32.549999,32.119999,32.450001,25.330458,1662700
2016-04-20,32.490002,33.290001,32.330002,32.889999,25.673916,2754000
2016-04-21,32.889999,33.090000,32.209999,32.310001,25.221167,2581400
2016-04-22,32.270000,32.900002,32.189999,32.799999,25.603662,22220500
2016-04-25,32.680000,33.000000,32.430000,32.799999,25.603662,2062800
2016-04-26,32.750000,33.340000,32.599998,33.320000,26.009577,1990300
2016-04-27,33.200001,33.720001,33.099998,33.380001,26.056412,2835800
2016-04-28,33.169998,33.320000,32.779999,32.900002,25.681723,2144800
2016-04-29,32.900002,33.020000,32.369999,32.799999,25.603662,2118400
2016-05-02,32.810001,32.860001,31.950001,32.360001,25.260202,2647500
2016-05-03,32.209999,32.369999,31.299999,31.299999,24.432762,2640200
2016-05-04,31.200001,31.340000,30.330000,30.740000,23.995630,2870800
2016-05-05,30.690001,30.760000,29.969999,30.110001,23.503855,2147700
2016-05-06,30.209999,30.230000,29.370001,30.090000,23.488241,1955700
2016-05-09,30.100000,30.490000,30.040001,30.190001,23.566299,1884600
2016-05-10,30.260000,30.660000,30.010000,30.520000,23.823896,1318700
2016-05-11,30.150000,30.150000,28.920000,29.200001,22.793507,2999300
2016-05-12,29.299999,29.389999,28.850000,29.100000,22.715445,2149700
2016-05-13,29.100000,29.320000,28.410000,28.730000,22.426624,2963600
2016-05-16,28.760000,29.120001,28.559999,29.020000,22.652998,3026100
2016-05-17,29.090000,29.400000,28.410000,28.459999,22.215862,3047300
2016-05-18,28.330000,28.370001,27.780001,28.030001,21.880205,3887200
2016-05-19,28.040001,28.580000,27.520000,28.549999,22.286114,3142500
2016-05-20,28.680000,28.740000,28.200001,28.480000,22.231474,2329300
2016-05-23,28.610001,28.870001,28.309999,28.469999,22.223669,2005700
2016-05-24,28.389999,28.959999,28.150000,28.700001,22.403204,3522600
2016-05-25,28.770000,29.840000,28.670000,29.730000,23.207226,4611800
2016-05-26,29.990000,30.420000,29.889999,29.980000,23.402376,3425500
2016-05-27,28.040001,28.930000,27.650000,28.799999,22.481268,7559600
2016-05-31,28.889999,29.350000,28.629999,29.100000,22.715445,9935800
2016-06-01,29.020000,29.200001,28.450001,28.950001,22.598354,3722300
2016-06-02,28.980000,29.320000,28.750000,28.889999,22.551519,1968100
2016-06-03,28.959999,29.049999,28.309999,28.629999,22.348564,2209700
2016-06-06,28.270000,28.600000,28.040001,28.469999,22.514633,1955200
2016-06-07,28.490000,28.790001,28.400000,28.459999,22.506725,1821000
2016-06-08,28.469999,28.620001,28.180000,28.230000,22.324841,1920400
2016-06-09,28.070000,28.270000,27.150000,27.270000,21.565651,3397000
2016-06-10,26.950001,26.950001,26.160000,26.530001,20.980444,4522100
2016-06-13,26.450001,26.670000,26.020000,26.030001,20.585037,2331700
2016-06-14,25.969999,26.040001,25.350000,25.730000,20.347792,3149000
2016-06-15,25.700001,26.420000,25.610001,26.129999,20.664116,3626600
2016-06-16,26.059999,26.180000,25.730000,25.930000,20.505955,2230800
2016-06-17,25.980000,26.600000,25.780001,26.150000,20.679935,2594800
2016-06-20,26.450001,26.820000,26.350000,26.400000,20.877638,2280600
2016-06-21,26.370001,26.450001,25.709999,25.840000,20.434778,1569600
2016-06-22,25.959999,26.280001,25.809999,26.000000,20.561310,1786700
2016-06-23,26.430000,26.549999,26.170000,26.330000,20.822283,1518500
2016-06-24,25.280001,25.730000,25.260000,25.340000,20.039371,1843000
2016-06-27,25.309999,25.969999,25.180000,25.500000,20.165901,3060700
2016-06-28,25.830000,26.180000,25.620001,26.049999,20.600851,2880800
2016-06-29,26.469999,26.969999,26.370001,26.410000,20.885546,2485300
2016-06-30,26.510000,26.690001,26.020000,26.580000,21.019987,1859200
2016-07-01,26.879999,27.379999,26.730000,27.059999,21.399580,2632600
2016-07-05,27.030001,27.059999,25.959999,26.299999,20.798557,2141100
2016-07-06,26.230000,26.480000,25.730000,26.469999,20.932995,2490300
2016-07-07,26.520000,27.030001,26.190001,26.330000,20.822283,2270700
2016-07-08,26.670000,27.389999,26.660000,27.370001,21.644735,2104100
2016-07-11,28.110001,28.790001,28.049999,28.450001,22.498819,3566700
2016-07-12,28.719999,28.969999,28.500000,28.740000,22.728157,3023300
2016-07-13,28.840000,29.200001,28.680000,28.850000,22.815147,2952800
2016-07-14,28.950001,29.100000,28.459999,28.620001,22.633261,1997100
2016-07-15,28.799999,28.799999,27.980000,27.990000,22.135042,2468500
2016-07-18,28.000000,30.400000,27.870001,30.190001,23.874846,7792200
2016-07-19,30.870001,31.299999,30.010000,30.190001,23.874846,4359200
2016-07-20,30.110001,31.320000,30.040001,31.120001,24.610310,3771100
2016-07-21,31.150000,31.850000,30.950001,31.010000,24.523315,4365100
2016-07-22,31.000000,31.190001,30.650000,30.809999,24.365150,2590400
2016-07-25,30.520000,30.959999,30.049999,30.879999,24.420511,2252200
2016-07-26,30.820000,31.299999,30.440001,31.250000,24.713114,2521100
2016-07-27,31.420000,31.580000,31.100000,31.320000,24.768471,2183200
2016-07-28,31.200001,31.330000,30.790001,31.170000,24.649851,1421900
2016-07-29,31.250000,31.250000,30.559999,30.950001,24.475868,1597300
2016-08-01,30.969999,30.990000,30.180000,30.350000,24.001377,2887600
2016-08-02,30.559999,30.620001,29.219999,29.240000,23.123568,3420700
2016-08-03,29.040001,29.830000,28.570000,29.639999,23.439894,2360100
2016-08-04,29.540001,30.000000,29.430000,29.660000,23.455709,1206600
2016-08-05,29.889999,30.590000,29.809999,30.040001,23.756226,2612300
2016-08-08,30.139999,30.389999,29.639999,29.790001,23.558521,2044100
2016-08-09,29.760000,30.219999,29.500000,29.629999,23.431984,2247600
2016-08-10,29.600000,30.230000,29.600000,30.150000,23.843208,1750300
2016-08-11,30.530001,31.170000,30.430000,31.110001,24.602400,2477800
2016-08-12,31.000000,31.730000,30.820000,31.350000,24.792198,2146000
2016-08-15,31.309999,32.080002,31.309999,31.730000,25.092707,1430100
2016-08-16,31.660000,31.950001,31.160000,31.170000,24.649851,1586900
2016-08-17,30.870001,30.940001,30.500000,30.820000,24.373062,1762400
2016-08-18,30.930000,31.190001,30.570000,31.170000,24.649851,1580100
2016-08-19,31.059999,31.920000,30.889999,31.719999,25.084799,2164800
2016-08-22,32.000000,32.099998,31.260000,31.459999,24.879187,1671900
2016-08-23,32.029999,32.669998,31.830000,32.090000,25.377405,2840300
2016-08-24,32.130001,32.410000,31.620001,31.709999,25.076891,2715400
2016-08-25,31.670000,32.250000,31.280001,32.160000,25.432758,6167300
2016-08-26,30.219999,30.510000,28.690001,28.740000,22.728157,14493400
2016-08-29,28.750000,28.969999,28.340000,28.969999,22.910044,4405600
2016-08-30,28.889999,28.959999,28.270000,28.490000,22.530453,2859100
2016-08-31,28.480000,28.950001,28.309999,28.389999,22.451368,2828000
2016-09-01,28.469999,28.580000,27.969999,28.030001,22.166674,2094800
2016-09-02,28.209999,28.480000,28.040001,28.389999,22.451368,1690100
2016-09-06,28.379999,28.670000,28.250000,28.370001,22.435553,1944100
2016-09-07,28.030001,28.230000,27.889999,28.129999,22.539719,1516100
2016-09-08,27.969999,28.110001,27.750000,27.780001,22.259274,1728800
2016-09-09,27.940001,28.030001,27.170000,27.180000,21.778513,2485400
2016-09-12,27.379999,27.379999,26.850000,27.040001,21.666332,3607000
2016-09-13,26.950001,27.389999,26.809999,26.990000,21.626270,2825400
2016-09-14,27.629999,27.629999,26.940001,27.030001,21.658321,1854300
2016-09-15,26.879999,27.270000,26.690001,27.250000,21.834602,2210500
2016-09-16,27.209999,27.260000,26.900000,27.090000,21.706400,1922000
2016-09-19,27.389999,28.180000,27.389999,27.900000,22.355425,3349800
2016-09-20,28.080000,28.180000,27.629999,27.719999,22.211199,1865100
2016-09-21,27.790001,28.160000,27.709999,28.129999,22.539719,1663700
2016-09-22,28.290001,28.450001,27.889999,28.270000,22.651899,1790300
2016-09-23,28.240000,28.580000,28.190001,28.190001,22.587795,1370200
2016-09-26,28.110001,28.200001,27.639999,27.639999,22.147097,1074900
2016-09-27,27.650000,27.760000,27.270000,27.430000,21.978830,1443000
2016-09-28,27.450001,27.860001,27.200001,27.490000,22.026907,1166400
2016-09-29,27.500000,27.660000,27.129999,27.139999,21.746462,1758100
2016-09-30,27.379999,27.700001,27.250000,27.590000,22.107035,1788800
2016-10-03,27.590000,27.860001,27.450001,27.780001,22.259274,1625400
2016-10-04,27.780001,27.840000,27.030001,27.129999,21.738449,2345700
2016-10-05,27.270000,27.480000,26.950001,27.200001,21.794540,1941100
2016-10-06,27.080000,27.100000,26.299999,26.680000,21.377878,3747500
2016-10-07,26.799999,26.930000,26.469999,26.680000,21.377878,2145400
2016-10-10,26.840000,27.139999,26.650000,26.830000,21.498070,1599600
2016-10-11,26.820000,26.860001,26.010000,26.049999,20.873075,2142200
2016-10-12,26.139999,26.459999,26.000000,26.120001,20.929167,2446800
2016-10-13,26.000000,26.139999,25.350000,25.469999,20.408340,2680300
2016-10-14,25.580000,25.690001,25.110001,25.379999,20.336227,3136100
2016-10-17,25.320000,25.570000,24.650000,24.700001,19.791368,5481500
2016-10-18,24.969999,25.110001,24.780001,24.820000,19.887518,2069400
2016-10-19,24.879999,25.010000,24.450001,25.000000,20.031742,2332400
2016-10-20,24.950001,25.200001,24.910000,25.110001,20.119886,2265400
2016-10-21,25.090000,25.090000,24.719999,25.010000,20.039755,1753200
2016-10-24,25.370001,25.370001,24.850000,25.139999,20.143921,1873500
2016-10-25,25.020000,25.150000,24.650000,24.750000,19.831427,1909900
2016-10-26,24.730000,25.190001,24.350000,24.770000,19.847456,3323900
2016-10-27,24.840000,24.910000,23.889999,23.990000,19.222464,2703400
2016-10-28,23.990000,24.219999,23.690001,23.900000,19.150351,1871100
2016-10-31,23.950001,24.180000,23.760000,24.049999,19.270538,2151200
2016-11-01,24.010000,24.010000,23.320000,23.559999,18.877914,2499200
2016-11-02,20.590000,21.540001,20.100000,20.930000,16.770575,13653300
2016-11-03,20.770000,20.920000,20.520000,20.830000,16.690451,5559900
2016-11-04,20.790001,21.219999,20.610001,20.730000,16.610323,3076400
2016-11-07,21.000000,21.530001,20.750000,21.240000,17.018970,2881800
2016-11-08,21.139999,21.250000,20.860001,20.910000,16.754549,1884000
2016-11-09,20.590000,21.610001,20.500000,21.530001,17.251339,1740500
2016-11-10,21.760000,22.520000,21.709999,21.870001,17.523771,2523800
2016-11-11,21.809999,22.370001,21.500000,22.320000,17.884342,2197400
2016-11-14,22.440001,23.290001,22.400000,22.990000,18.421192,2075400
2016-11-15,22.930000,22.990000,22.190001,22.650000,18.148758,2216800
2016-11-16,22.530001,23.180000,22.440001,23.059999,18.477283,1708300
2016-11-17,23.309999,23.500000,23.010000,23.459999,18.797789,1143500
2016-11-18,23.370001,23.540001,23.030001,23.459999,18.797789,1679000
2016-11-21,23.530001,23.570000,23.160000,23.459999,18.797789,2235500
2016-11-22,23.690001,24.209999,23.600000,24.110001,19.318615,3741700
2016-11-23,24.780001,26.410000,24.639999,26.059999,20.881088,9376800
2016-11-25,26.139999,26.490000,25.780001,25.820000,20.688784,2313300
2016-11-28,26.000000,26.000000,24.760000,25.150000,20.151934,2815700
2016-11-29,24.850000,25.030001,24.350000,24.490000,19.916096,2321100
2016-11-30,24.459999,24.840000,24.250000,24.690001,20.078743,3192300
2016-12-01,24.660000,25.020000,24.450001,24.639999,20.038082,1440700
2016-12-02,24.610001,24.830000,24.129999,24.270000,19.737186,1572800
2016-12-05,24.440001,24.879999,24.270000,24.520000,19.940495,2335300
2016-12-06,24.650000,24.930000,24.590000,24.889999,20.241390,1508000
2016-12-07,25.170000,26.110001,25.160000,25.940001,21.095285,2799300
2016-12-08,26.000000,26.180000,25.540001,25.969999,21.119682,3100200
2016-12-09,25.900000,26.330000,25.770000,26.020000,21.160345,2451700
2016-12-12,26.059999,26.469999,25.770000,26.420000,21.485641,2146200
2016-12-13,26.510000,26.850000,26.330000,26.389999,21.461243,2399300
2016-12-14,26.340000,26.420000,25.190001,25.280001,20.558550,2373300
2016-12-15,25.270000,25.709999,25.100000,25.340000,20.607347,1964800
2016-12-16,25.350000,25.680000,25.290001,25.420000,20.672403,3383300
2016-12-19,25.410000,25.910000,25.410000,25.900000,21.062756,1316700
2016-12-20,25.860001,26.160000,25.840000,26.120001,21.241669,1031700
2016-12-21,26.070000,26.540001,25.850000,26.389999,21.461243,1879400
2016-12-22,26.370001,26.370001,25.040001,25.059999,20.379641,2296500
2016-12-23,25.559999,26.010000,25.320000,25.410000,20.664272,1977600
2016-12-27,25.410000,26.000000,25.400000,25.950001,21.103420,1596100
2016-12-28,25.790001,25.950001,25.080000,25.270000,20.550419,1716100
2016-12-29,25.240000,25.760000,25.240000,25.340000,20.607347,1714800
2016-12-30,25.420000,25.750000,25.219999,25.260000,20.542286,1747800
2017-01-03,25.440001,25.469999,25.020000,25.370001,20.631744,1941400
2017-01-04,25.580000,26.049999,25.580000,25.920000,21.079020,2244300
2017-01-05,25.559999,25.559999,24.900000,25.000000,20.330845,3037700
2017-01-06,25.150000,25.170000,24.500000,24.520000,19.940495,2333600
2017-01-09,24.600000,24.660000,24.330000,24.490000,19.916096,1646700
2017-01-10,24.520000,25.100000,24.440001,24.639999,20.038082,2243100
2017-01-11,24.740000,25.129999,24.500000,24.610001,20.013685,2543400
2017-01-12,24.610001,24.940001,24.580000,24.719999,20.103140,2643200
2017-01-13,22.290001,23.190001,22.270000,22.730000,18.484804,14823900
2017-01-17,22.740000,23.750000,22.680000,23.340000,18.980875,4983400
2017-01-18,23.299999,23.620001,22.900000,23.490000,19.102865,2180900
2017-01-19,23.530001,23.690001,23.180000,23.309999,18.956482,2002400
2017-01-20,23.459999,23.629999,23.330000,23.580000,19.176056,2566100
2017-01-23,23.670000,24.000000,23.450001,23.930000,19.460688,2186300
2017-01-24,23.940001,24.150000,23.719999,23.870001,19.411892,2850600
2017-01-25,24.000000,24.219999,23.930000,24.170000,19.655863,1887700
2017-01-26,24.250000,24.690001,24.120001,24.219999,19.696524,3160300
2017-01-27,24.280001,24.500000,23.959999,24.309999,19.769714,2669400
2017-01-30,24.120001,24.230000,23.850000,24.180000,19.663996,1731300
2017-01-31,23.980000,24.540001,23.860001,24.490000,19.916096,1596900
2017-02-01,24.490000,24.639999,24.080000,24.299999,19.761581,1752900
2017-02-02,24.389999,24.580000,24.270000,24.379999,19.826637,1651800
2017-02-03,24.350000,24.900000,24.280001,24.740000,20.119406,2242700
2017-02-06,24.740000,24.950001,24.520000,24.680000,20.070614,1704600
2017-02-07,24.700001,25.000000,24.510000,24.629999,20.029951,2179600
2017-02-08,24.590000,24.860001,24.540001,24.790001,20.160070,1388400
2017-02-09,24.790001,25.400000,24.750000,25.389999,20.648006,1488300
2017-02-10,25.520000,25.750000,25.290001,25.660000,20.867580,1521000
2017-02-13,25.750000,25.850000,25.299999,25.370001,20.631744,1470800
2017-02-14,25.270000,25.870001,25.250000,25.740000,20.932644,1542700
2017-02-15,25.750000,26.080000,25.540001,25.780001,20.965168,2146700
2017-02-16,25.700001,25.879999,25.299999,25.420000,20.672403,1795800
2017-02-17,25.370001,25.610001,25.290001,25.570000,20.794392,1241700
2017-02-21,25.840000,26.250000,25.750000,26.219999,21.322992,2720300
2017-02-22,26.200001,26.299999,26.020000,26.260000,21.355524,1377700
2017-02-23,26.320000,26.340000,25.520000,25.559999,20.786259,2462200
2017-02-24,25.549999,26.500000,25.450001,26.280001,21.371786,1991700
2017-02-27,26.209999,26.680000,25.680000,26.520000,21.566963,2301300
2017-02-28,26.330000,26.330000,23.570000,24.440001,19.875437,7757900
2017-03-01,24.570000,24.930000,24.280001,24.480000,19.907965,3341500
2017-03-02,24.469999,25.100000,24.450001,24.980000,20.314583,2475400
2017-03-03,25.059999,25.320000,25.010000,25.280001,20.558550,1827900
2017-03-06,25.280001,25.299999,24.709999,24.910000,20.257654,2275600
2017-03-07,24.790001,24.870001,24.420000,24.670000,20.062479,2314600
2017-03-08,24.750000,25.170000,24.610001,25.000000,20.330845,2380400
2017-03-09,25.000000,25.240000,24.820000,25.000000,20.330845,2398700
2017-03-10,24.700001,25.299999,24.629999,25.180000,20.793287,3049400
2017-03-13,24.770000,24.799999,24.110001,24.190001,19.975761,3940100
2017-03-14,24.180000,24.639999,24.000000,24.559999,20.281300,1849800
2017-03-15,24.660000,24.780001,24.299999,24.670000,20.372135,2896500
2017-03-16,24.590000,24.600000,24.040001,24.260000,20.033566,3133500
2017-03-17,24.290001,24.670000,24.200001,24.639999,20.347363,5429100
2017-03-20,24.660000,24.840000,23.760000,23.879999,19.719765,4116200
2017-03-21,24.030001,24.139999,23.410000,24.010000,19.827118,2850500
2017-03-22,24.020000,24.110001,23.760000,24.090000,19.893181,2042000
2017-03-23,24.150000,24.440001,23.799999,23.959999,19.785826,4662200
2017-03-24,21.370001,21.559999,20.660000,20.700001,17.093769,15944600
2017-03-27,20.330000,21.090000,20.240000,20.850000,17.217634,6962300
2017-03-28,20.879999,21.780001,20.730000,21.719999,17.936066,4278600
2017-03-29,21.780001,22.139999,21.570000,21.950001,18.125999,3258300
2017-03-30,21.900000,22.490000,21.860001,22.459999,18.547152,2222000
2017-03-31,22.459999,22.740000,22.370001,22.549999,18.621471,2934200
2017-04-03,22.520000,22.620001,21.920000,22.000000,18.167290,2709100
2017-04-04,21.940001,22.209999,21.740000,21.980000,18.150772,2237000
2017-04-05,22.190001,22.290001,21.740000,21.760000,17.969101,2168900
2017-04-06,21.959999,22.170000,21.740000,21.840000,18.035164,3296200
2017-04-07,21.820000,22.020000,21.580000,21.660000,17.886520,3754500
2017-04-10,21.600000,22.120001,21.559999,21.879999,18.068193,2345300
2017-04-11,21.799999,22.150000,21.680000,22.110001,18.258127,2718400
2017-04-12,22.180000,22.180000,21.870001,22.070000,18.225090,1883100
2017-04-13,22.059999,22.440001,21.980000,22.379999,18.481087,3663600
2017-04-17,22.450001,22.950001,22.400000,22.889999,18.902237,3554500
2017-04-18,22.840000,22.980000,22.610001,22.840000,18.860949,1986300
2017-04-19,22.920000,23.129999,22.760000,22.780001,18.811401,1680500
2017-04-20,22.950001,23.430000,22.950001,23.190001,19.149973,1906600
2017-04-21,23.240000,23.270000,22.940001,23.190001,19.149973,1766200
2017-04-24,23.400000,23.490000,22.959999,23.219999,19.174746,2716400
2017-04-25,23.320000,23.490000,23.100000,23.400000,19.323387,1441700
2017-04-26,23.420000,23.980000,23.309999,23.650000,19.529835,2211600
2017-04-27,23.670000,23.709999,23.040001,23.100000,19.075653,2970300
2017-04-28,23.090000,23.090000,22.469999,22.690001,18.737082,3104300
2017-05-01,22.770000,23.240000,22.559999,22.780001,18.811401,2744800
2017-05-02,22.830000,23.549999,22.740000,23.440001,19.356421,1788200
2017-05-03,23.459999,24.000000,23.379999,23.969999,19.794083,3127300
2017-05-04,23.980000,24.139999,23.530001,23.570000,19.463772,1464000
2017-05-05,23.700001,24.010000,23.580000,24.000000,19.818861,1170600
2017-05-08,24.000000,24.469999,23.840000,24.379999,20.132656,2215700
2017-05-09,24.330000,24.740000,24.090000,24.490000,20.223494,1950000
2017-05-10,24.540001,25.129999,24.440001,24.950001,20.603357,2409300
2017-05-11,25.110001,25.309999,24.240000,24.350000,20.107885,3047700
2017-05-12,24.280001,24.350000,23.780001,24.030001,19.843634,1820300
2017-05-15,24.139999,24.680000,24.100000,24.360001,20.116146,2139400
2017-05-16,24.330000,24.510000,23.900000,24.469999,20.206980,2034700
2017-05-17,24.469999,24.469999,23.750000,23.840000,19.686735,2207700
2017-05-18,23.940001,24.049999,23.520000,23.780001,19.637188,1748200
2017-05-19,23.799999,24.309999,23.580000,24.219999,20.000530,2669600
2017-05-22,24.350000,24.600000,24.040001,24.049999,19.860149,2455900
2017-05-23,24.370001,24.370001,22.629999,22.660000,18.712307,5634800
2017-05-24,22.610001,22.870001,22.430000,22.709999,18.753597,2448100
2017-05-25,23.600000,23.670000,22.730000,23.620001,19.505062,7738500
2017-05-26,22.120001,22.410000,21.250000,22.219999,18.348963,14212000
2017-05-30,22.180000,22.930000,22.170000,22.570000,18.637985,5679900
2017-05-31,22.639999,22.700001,21.889999,22.139999,18.282898,5406500
2017-06-01,22.150000,22.959999,22.110001,22.780001,18.811401,3691000
2017-06-02,22.730000,22.780001,22.350000,22.670000,18.720568,2350500
2017-06-05,22.250000,22.570000,21.959999,22.480000,18.880136,1955700
2017-06-06,22.250000,22.360001,21.889999,21.900000,18.393019,3105400
2017-06-07,21.959999,22.209999,21.830000,22.040001,18.510601,2154800
2017-06-08,22.150000,22.430000,21.330000,21.370001,17.947893,3618800
2017-06-09,21.330000,22.090000,21.299999,22.010000,18.485403,2955700
2017-06-12,21.940001,22.150000,21.590000,21.709999,18.233442,3281900
2017-06-13,21.780001,22.170000,21.570000,21.980000,18.460207,1918400
2017-06-14,21.959999,21.959999,21.250000,21.629999,18.166256,2481100
2017-06-15,21.520000,21.650000,21.139999,21.219999,17.821911,2321100
2017-06-16,21.120001,21.170000,20.500000,20.590000,17.292799,3683000
2017-06-19,20.650000,20.969999,20.350000,20.799999,17.469166,2133400
2017-06-20,20.719999,20.780001,20.469999,20.639999,17.334787,1796200
2017-06-21,20.660000,20.950001,20.290001,20.459999,17.183615,2194200
2017-06-22,20.490000,20.790001,20.440001,20.540001,17.250805,4211400
2017-06-23,20.469999,20.660000,20.260000,20.650000,17.343189,1747800
2017-06-26,20.670000,21.170000,20.660000,21.129999,17.746321,2307200
2017-06-27,21.070000,21.500000,21.040001,21.379999,17.956287,1747200
2017-06-28,21.500000,21.760000,21.430000,21.510000,18.065470,3161400
2017-06-29,21.559999,21.780001,21.280001,21.610001,18.149456,1733200
2017-06-30,21.750000,21.799999,21.389999,21.610001,18.149456,1151100
2017-07-03,21.770000,22.000000,21.559999,21.600000,18.141060,1409400
2017-07-05,21.559999,21.709999,21.379999,21.510000,18.065470,2684200
2017-07-06,21.370001,21.540001,21.070000,21.120001,17.737926,1508300
2017-07-07,21.150000,21.280001,20.860001,20.910000,17.561554,1855900
2017-07-10,20.889999,21.020000,20.790001,20.889999,17.544756,1646500
2017-07-11,20.959999,21.070000,20.809999,20.959999,17.603546,1167700
2017-07-12,21.150000,21.260000,20.980000,20.990000,17.628742,1087000
2017-07-13,21.240000,21.430000,21.040001,21.160000,17.771519,1749400
2017-07-14,21.250000,21.320000,20.969999,21.020000,17.653940,1229900
2017-07-17,21.030001,21.580000,20.980000,21.280001,17.872303,1729300
2017-07-18,21.379999,21.389999,20.980000,21.090000,17.712727,1103200
2017-07-19,21.150000,21.469999,21.059999,21.350000,17.931093,972900
2017-07-20,21.299999,21.340000,21.100000,21.100000,17.721127,1855700
2017-07-21,21.139999,21.180000,20.719999,20.780001,17.452372,3575400
2017-07-24,20.700001,21.000000,20.650000,20.799999,17.469166,1584300
2017-07-25,20.990000,21.370001,20.940001,21.260000,17.855507,2105500
2017-07-26,21.280001,21.330000,20.950001,21.040001,17.670734,1769900
2017-07-27,21.090000,21.760000,21.030001,21.700001,18.225046,3838400
2017-07-28,21.639999,21.730000,21.400000,21.500000,18.057074,1234700
2017-07-31,21.549999,21.760000,21.410000,21.690001,18.216648,1369400
2017-08-01,21.690001,21.690001,21.139999,21.360001,17.939491,3059100
2017-08-02,21.320000,21.620001,21.270000,21.379999,17.956287,1116100
2017-08-03,21.320000,21.820000,21.320000,21.660000,18.191450,1047900
2017-08-04,21.780001,22.110001,21.690001,21.930000,18.418217,1136100
2017-08-07,21.940001,22.260000,21.830000,22.170000,18.619781,1277600
2017-08-08,22.200001,22.370001,21.900000,21.940001,18.426615,1422500
2017-08-09,21.750000,22.120001,21.620001,22.080000,18.544193,1503500
2017-08-10,21.910000,21.910000,21.459999,21.469999,18.031876,1521300
2017-08-11,21.240000,21.830000,21.070000,21.760000,18.275438,1619300
2017-08-14,21.950001,21.990000,21.719999,21.850000,18.351025,1533900
2017-08-15,21.700001,21.770000,20.780001,20.930000,17.578348,3888400
2017-08-16,21.120001,21.490000,21.080000,21.389999,17.964685,2439400
2017-08-17,21.370001,21.660000,21.000000,21.100000,17.721127,1939600
2017-08-18,21.049999,21.330000,20.969999,21.219999,17.821911,2123500
2017-08-21,21.160000,21.360001,20.969999,20.980000,17.620342,1633100
2017-08-22,21.120001,21.690001,21.090000,21.639999,18.174654,2473800
2017-08-23,21.590000,21.820000,21.209999,21.480000,18.040277,2432900
2017-08-24,21.750000,22.120001,21.650000,21.780001,18.292234,4234600
2017-08-25,19.900000,19.940001,18.719999,19.400000,16.293360,20500700
2017-08-28,19.410000,19.700001,18.959999,19.150000,16.083393,5228400
2017-08-29,18.930000,19.070000,18.639999,18.750000,15.747450,4667700
2017-08-30,18.750000,18.969999,18.680000,18.790001,15.781042,2210100
2017-08-31,18.830000,18.870001,18.469999,18.500000,15.537482,2629600
2017-09-01,18.600000,18.879999,18.600000,18.670000,15.680258,2344300
2017-09-05,18.690001,18.959999,18.559999,18.940001,15.907021,2646000
2017-09-06,19.000000,19.350000,18.990000,19.340000,16.242966,2920800
2017-09-07,19.020000,19.340000,18.809999,18.850000,16.148729,2803000
2017-09-08,18.850000,19.190001,18.740000,19.150000,16.405739,2219200
2017-09-11,19.209999,19.450001,19.129999,19.200001,16.448574,2204600
2017-09-12,19.260000,19.940001,19.209999,19.530001,16.731285,3347000
2017-09-13,19.600000,20.040001,19.549999,20.020000,17.151066,1755900
2017-09-14,20.059999,20.299999,19.889999,20.080000,17.202465,1921700
2017-09-15,20.070000,20.440001,20.000000,20.290001,17.382374,2505400
2017-09-18,20.389999,20.629999,20.100000,20.170000,17.279568,2095900
2017-09-19,20.170000,20.260000,19.920000,20.190001,17.296703,1360300
2017-09-20,20.129999,20.180000,20.010000,20.100000,17.219601,1215000
2017-09-21,20.000000,20.190001,19.870001,19.889999,17.039694,1415500
2017-09-22,19.870001,20.040001,19.860001,20.010000,17.142496,1000900
2017-09-25,20.030001,20.469999,20.010000,20.440001,17.510878,1158800
2017-09-26,20.549999,20.770000,20.340000,20.650000,17.690784,2130100
2017-09-27,20.780001,20.969999,20.500000,20.850000,17.862123,2048400
2017-09-28,20.809999,20.930000,20.610001,20.790001,17.810724,1720900
2017-09-29,20.799999,20.850000,20.520000,20.660000,17.699350,1565700
2017-10-02,20.650000,20.680000,20.350000,20.469999,17.536577,1559700
2017-10-03,20.500000,20.510000,20.090000,20.209999,17.313835,1390300
2017-10-04,20.090000,20.290001,20.030001,20.250000,17.348106,1183800
2017-10-05,20.299999,20.530001,20.219999,20.520000,17.579412,1146000
2017-10-06,20.410000,20.490000,20.020000,20.020000,17.151066,1651800
2017-10-09,20.070000,20.250000,19.990000,20.150000,17.262436,1799900
2017-10-10,20.190001,20.290001,19.950001,20.230000,17.330971,1763300
2017-10-11,20.219999,20.219999,19.459999,19.590000,16.782684,2309000
2017-10-12,19.590000,19.690001,19.320000,19.500000,16.705582,1775800
2017-10-13,19.639999,19.770000,19.510000,19.709999,16.885487,1092900
2017-10-16,19.690001,19.700001,19.200001,19.410000,16.628479,1514700
2017-10-17,19.459999,19.700001,19.350000,19.660000,16.842653,1251100
2017-10-18,19.719999,20.090000,19.620001,20.049999,17.176765,1912200
2017-10-19,20.010000,20.150000,19.930000,20.049999,17.176765,1271600
2017-10-20,20.129999,20.320000,20.040001,20.129999,17.245300,1690200
2017-10-23,20.139999,20.549999,20.139999,20.280001,17.373806,1703600
2017-10-24,20.420000,20.480000,19.940001,19.959999,17.099663,1701200
2017-10-25,19.959999,20.000000,19.340000,19.610001,16.799820,2578400
2017-10-26,19.549999,19.740000,19.270000,19.510000,16.714151,2142100
2017-10-27,19.400000,19.450001,18.920000,19.340000,16.568510,2230200
2017-10-30,19.430000,19.469999,18.600000,18.770000,16.080194,2252000
2017-10-31,18.889999,19.040001,18.590000,18.690001,16.011658,2193900
2017-11-01,18.670000,18.950001,18.530001,18.600000,15.934556,2488700
2017-11-02,18.600000,18.600000,18.219999,18.510000,15.857452,2904600
2017-11-03,18.500000,18.549999,18.100000,18.100000,15.506207,2020400
2017-11-06,18.070000,18.209999,17.709999,17.830000,15.274899,3049000
2017-11-07,17.879999,17.990000,17.070000,17.110001,14.658078,2844400
2017-11-08,17.170000,17.290001,16.980000,17.200001,14.735183,2230400
2017-11-09,17.139999,17.990000,17.110001,17.559999,15.043591,2862900
2017-11-10,17.420000,17.420000,16.219999,16.430000,14.075525,5787400
2017-11-13,16.430000,16.840000,15.910000,16.200001,13.878484,4374700
2017-11-14,16.100000,16.379999,15.850000,16.190001,13.869918,3517800
2017-11-15,16.080000,16.500000,15.850000,16.000000,13.707144,3821500
2017-11-16,16.010000,16.790001,16.010000,16.180000,13.861350,4855100
2017-11-17,16.309999,16.580000,16.150000,16.309999,13.972721,3194500
2017-11-20,16.400000,16.459999,16.030001,16.440001,14.084090,3796700
2017-11-21,16.500000,16.790001,16.260000,16.730000,14.332533,9352400
2017-11-22,17.850000,18.700001,17.299999,17.370001,14.880820,20142400
2017-11-24,17.430000,18.180000,17.350000,17.420000,14.923654,6474200
2017-11-27,17.590000,18.190001,17.590000,18.170000,15.566176,5846800
2017-11-28,18.170000,19.059999,18.170000,19.020000,16.294367,5883400
2017-11-29,19.090000,19.690001,19.059999,19.520000,16.722717,6477300
2017-11-30,19.219999,19.340000,18.700001,18.750000,16.381973,5024700
2017-12-01,18.730000,19.160000,18.480000,18.770000,16.399446,3831900
2017-12-04,19.040001,19.860001,18.990000,19.400000,16.949881,4361300
2017-12-05,19.530001,19.650000,18.950001,19.270000,16.836300,3080900
2017-12-06,19.270000,19.350000,18.930000,19.010000,16.609135,2430300
2017-12-07,18.990000,19.150000,18.610001,18.629999,16.277126,3277300
2017-12-08,18.879999,19.379999,18.670000,19.200001,16.775139,3142100
2017-12-11,19.280001,19.360001,18.670000,19.070000,16.661556,3652500
2017-12-12,19.150000,19.299999,18.959999,19.110001,16.696507,2532900
2017-12-13,19.100000,19.160000,18.610001,18.670000,16.312075,3086600
2017-12-14,18.809999,18.930000,18.340000,18.379999,16.058699,2818100
2017-12-15,18.440001,18.580000,18.170000,18.340000,16.023754,3875200
2017-12-18,18.450001,18.750000,18.400000,18.660000,16.303337,3206400
2017-12-19,18.700001,18.799999,18.370001,18.389999,16.067438,2253700
2017-12-20,18.530001,18.629999,18.209999,18.250000,15.945119,2304500
2017-12-21,18.290001,18.469999,18.010000,18.450001,16.119860,2862100
2017-12-22,18.450001,18.530001,18.250000,18.290001,15.980068,2085400
2017-12-26,18.290001,19.180000,18.270000,18.510000,16.172285,3234200
2017-12-27,18.510000,18.570000,18.200001,18.250000,15.945119,1837600
2017-12-28,18.270000,18.280001,18.020000,18.170000,15.875223,1939400
2017-12-29,18.230000,18.330000,17.940001,17.950001,15.683008,2063900
2018-01-02,17.959999,18.290001,17.780001,18.260000,15.953856,2832700
2018-01-03,18.290001,18.370001,17.920000,18.200001,15.901433,3789200
2018-01-04,18.200001,18.379999,17.959999,18.320000,16.006279,2781300
2018-01-05,18.379999,18.730000,18.219999,18.680000,16.320812,3019000
2018-01-08,18.799999,19.400000,18.799999,19.230000,16.801352,3668400
2018-01-09,19.309999,19.750000,19.309999,19.549999,17.080936,3662600
2018-01-10,19.389999,19.920000,19.330000,19.680000,17.194519,4012800
2018-01-11,19.920000,20.309999,19.770000,19.959999,17.439156,4213100
2018-01-12,18.500000,18.540001,17.629999,17.760000,15.517006,15445800
2018-01-16,18.000000,18.280001,17.040001,17.160000,14.992780,7852500
2018-01-17,17.240000,17.709999,17.170000,17.500000,15.289841,4259700
2018-01-18,17.469999,17.930000,17.209999,17.860001,15.604374,4265700
2018-01-19,17.889999,18.180000,17.750000,18.129999,15.840274,3194000
2018-01-22,18.219999,18.270000,17.469999,17.549999,15.333527,5234800
2018-01-23,17.520000,17.570000,17.170000,17.400000,15.202468,3628500
2018-01-24,17.400000,17.450001,16.730000,16.980000,14.835512,4073900
2018-01-25,16.980000,17.040001,16.610001,16.840000,14.713196,2701800
2018-01-26,16.860001,17.090000,16.610001,17.059999,14.905409,3348800
2018-01-29,17.049999,17.200001,16.799999,17.150000,14.984043,3154700
2018-01-30,17.080000,17.219999,16.860001,17.070000,14.914147,1886000
2018-01-31,17.139999,17.270000,16.700001,16.809999,14.686983,2749200
2018-02-01,16.700001,17.010000,16.570000,16.660000,14.555928,2937100
2018-02-02,16.559999,16.660000,16.219999,16.230000,14.180235,3253500
2018-02-05,16.139999,16.219999,15.640000,15.650000,13.673485,4131100
2018-02-06,15.360000,16.379999,15.100000,16.139999,14.101600,4962200
2018-02-07,16.160000,16.670000,16.150000,16.469999,14.389923,4413500
2018-02-08,16.450001,16.549999,15.760000,15.830000,13.830752,4286700
2018-02-09,15.980000,16.330000,15.670000,16.170000,14.127812,5640900
2018-02-12,16.290001,16.330000,15.620000,15.800000,13.804542,2431800
2018-02-13,15.760000,15.860000,15.490000,15.580000,13.612327,2463900
2018-02-14,15.580000,16.400000,15.530000,16.219999,14.171497,3215900
2018-02-15,16.299999,16.500000,16.240000,16.410000,14.337502,2263100
2018-02-16,16.520000,16.969999,16.250000,16.400000,14.328765,2706100
2018-02-20,16.299999,16.320000,15.780000,15.860000,13.856963,2489800
2018-02-21,15.900000,16.209999,15.660000,15.690000,13.708433,3031200
2018-02-22,15.810000,15.930000,15.570000,15.620000,13.647275,2452200
2018-02-23,15.790000,15.990000,15.670000,15.970000,13.953072,2580300
2018-02-26,16.000000,16.100000,15.840000,16.080000,14.049179,2771200
2018-02-27,16.100000,16.590000,15.570000,15.570000,13.603589,4474000
2018-02-28,15.650000,15.950000,15.580000,15.690000,13.708433,4737000
2018-03-01,15.790000,16.230000,15.760000,15.970000,13.953072,3132500
2018-03-02,15.560000,15.990000,15.380000,15.930000,14.257373,3553900
2018-03-05,15.870000,16.110001,15.680000,16.049999,14.364772,4236100
2018-03-06,16.049999,16.170000,15.800000,16.059999,14.373721,2667600
2018-03-07,15.850000,16.170000,15.840000,15.940000,14.266320,2989400
2018-03-08,15.950000,16.049999,15.480000,15.640000,13.997822,2974400
2018-03-09,15.690000,15.890000,15.510000,15.850000,14.185772,3969900
2018-03-12,15.850000,16.010000,15.500000,15.550000,13.917271,3878600
2018-03-13,15.630000,16.010000,15.580000,15.610000,13.970971,2891500
2018-03-14,15.720000,15.820000,15.430000,15.460000,13.836721,2518100
2018-03-15,15.500000,15.620000,15.260000,15.310000,13.702471,1867000
2018-03-16,15.340000,15.660000,15.320000,15.420000,13.800920,5084000
2018-03-19,15.240000,15.410000,14.760000,14.810000,13.254972,3976100
2018-03-20,14.820000,14.950000,14.350000,14.470000,12.950669,4284000
2018-03-21,14.310000,14.450000,14.010000,14.020000,12.547919,4411200
2018-03-22,13.940000,14.090000,13.590000,13.830000,12.377869,4442300
2018-03-23,13.920000,13.940000,13.490000,13.500000,12.082519,3811400
2018-03-26,13.700000,14.090000,13.590000,14.040000,12.565819,5015700
2018-03-27,14.070000,14.210000,13.770000,13.880000,12.422619,4480900
2018-03-28,14.000000,14.310000,13.810000,14.150000,12.664268,7634000
2018-03-29,12.650000,13.000000,12.200000,12.620000,11.294916,25461800
2018-04-02,12.510000,13.280000,12.500000,12.820000,11.473918,11130000
2018-04-03,12.640000,13.130000,12.600000,13.010000,11.643968,5747200
2018-04-04,12.820000,13.480000,12.710000,13.340000,11.939319,6383800
2018-04-05,13.350000,13.630000,13.270000,13.560000,12.136219,5140600
2018-04-06,13.420000,13.660000,13.240000,13.430000,12.019869,4238300
2018-04-09,13.510000,13.760000,13.430000,13.480000,12.064618,5703600
2018-04-10,13.680000,13.860000,13.510000,13.680000,12.243619,5788600
2018-04-11,13.620000,13.980000,13.600000,13.840000,12.386819,4284000
2018-04-12,13.860000,13.870000,13.470000,13.630000,12.198868,3114400
2018-04-13,13.730000,13.940000,13.550000,13.610000,12.180967,3188700
2018-04-16,13.730000,13.900000,13.600000,13.810000,12.359969,3227700
2018-04-17,13.890000,14.180000,13.840000,13.940000,12.476319,4288900
2018-04-18,13.990000,14.030000,13.600000,13.660000,12.225718,3573300
2018-04-19,13.660000,13.780000,13.450000,13.520000,12.100418,2507400
2018-04-20,13.470000,13.540000,12.810000,12.880000,11.527617,6200800
2018-04-23,12.900000,13.350000,12.900000,13.200000,11.814017,3692900
2018-04-24,13.290000,13.640000,13.120000,13.410000,12.001967,3613600
2018-04-25,13.350000,13.630000,13.290000,13.460000,12.046718,3647100
2018-04-26,13.600000,13.880000,13.450000,13.670000,12.234669,3212000
2018-04-27,13.680000,13.910000,13.600000,13.860000,12.404718,2500600
2018-04-30,13.970000,14.000000,13.560000,13.650000,12.216769,3151900
2018-05-01,13.580000,13.890000,13.470000,13.850000,12.395769,2409700
2018-05-02,13.860000,13.870000,13.350000,13.450000,12.037768,3181800
2018-05-03,13.420000,13.490000,12.800000,12.830000,11.482867,5091400
2018-05-04,12.830000,13.080000,12.740000,13.000000,11.635017,4903100
2018-05-07,13.020000,13.030000,12.780000,12.890000,11.536568,3118500
2018-05-08,12.840000,12.940000,12.550000,12.790000,11.447067,3839000
2018-05-09,12.820000,12.960000,12.610000,12.930000,11.572368,3752900
2018-05-10,12.960000,13.200000,12.880000,13.030000,11.661867,3118500
2018-05-11,12.600000,12.840000,12.470000,12.710000,11.375466,5507400
2018-05-14,12.690000,13.480000,12.610000,13.260000,11.867719,5907400
2018-05-15,13.250000,13.610000,13.230000,13.510000,12.091469,3790200
2018-05-16,13.750000,13.880000,13.330000,13.550000,12.127269,6738500
2018-05-17,13.500000,13.770000,13.480000,13.620000,12.189919,2912000
2018-05-18,13.530000,13.530000,12.260000,12.460000,11.151717,10236900
2018-05-21,12.520000,12.890000,12.490000,12.780000,11.438117,5065700
2018-05-22,12.780000,12.910000,12.540000,12.670000,11.339667,4542400
2018-05-23,12.540000,12.750000,12.440000,12.720000,11.384418,3160100
2018-05-24,12.580000,12.780000,12.450000,12.740000,11.402317,3077000
2018-05-25,12.760000,12.800000,12.580000,12.670000,11.339667,2444000
2018-05-29,12.580000,13.110000,12.550000,13.050000,11.679768,4240700
2018-05-30,13.100000,13.600000,12.890000,13.420000,12.010919,4991300
2018-05-31,13.480000,13.590000,12.970000,13.200000,11.814017,6489200
2018-06-01,12.800000,13.720000,12.790000,13.720000,12.279419,25824000
2018-06-04,13.790000,14.250000,13.440000,14.240000,12.744819,7296600
2018-06-05,14.240000,14.650000,14.000000,14.600000,13.067019,5696500
2018-06-06,14.680000,14.690000,14.250000,14.420000,12.905920,5148600
2018-06-07,14.500000,14.650000,14.370000,14.490000,12.968570,3213500
2018-06-08,14.530000,14.620000,14.410000,14.530000,13.004369,5031000
2018-06-11,14.150000,14.330000,14.060000,14.290000,13.133035,4717800
2018-06-12,14.320000,14.370000,14.050000,14.050000,12.912466,3384100
2018-06-13,13.970000,13.970000,13.050000,13.330000,12.250759,8824100
2018-06-14,13.300000,13.320000,12.700000,12.850000,11.809623,7532200
2018-06-15,12.760000,14.360000,12.760000,13.960000,12.829753,13142700
2018-06-18,13.950000,15.780000,13.370000,15.200000,13.969358,23788900
2018-06-19,15.350000,15.760000,15.100000,15.750000,14.474829,10140600
2018-06-20,15.780000,15.810000,15.320000,15.710000,14.438067,5164200
2018-06-21,15.810000,15.980000,15.490000,15.530000,14.272640,3563100
2018-06-22,15.550000,15.690000,15.110000,15.520000,14.263450,9577200
2018-06-25,15.410000,15.720000,14.940000,15.110000,13.886644,2684700
2018-06-26,15.190000,15.200000,14.690000,14.970000,13.757979,2697500
2018-06-27,15.000000,15.170000,14.580000,14.600000,13.417936,2255700
2018-06-28,14.590000,14.890000,14.490000,14.880000,13.675266,1905200
2018-06-29,14.990000,15.070000,14.510000,14.570000,13.390366,3401100
2018-07-02,14.590000,14.700000,14.030000,14.160000,13.013559,3723300
2018-07-03,14.170000,14.310000,14.000000,14.050000,12.912466,1289300
2018-07-05,14.080000,14.700000,14.040000,14.630000,13.445507,4721800
2018-07-06,14.670000,15.230000,14.640000,15.150000,13.923406,4051100
2018-07-09,15.570000,15.630000,15.170000,15.470000,14.217498,3919500
2018-07-10,15.530000,15.540000,14.810000,14.860000,13.656885,2916700
2018-07-11,14.770000,14.830000,14.460000,14.700000,13.509839,2287700
2018-07-12,14.750000,15.120000,14.740000,15.090000,13.868265,1925900
2018-07-13,14.990000,15.460000,14.990000,15.280000,14.042882,2332200
2018-07-16,15.270000,15.380000,15.060000,15.220000,13.987739,1806500
2018-07-17,15.170000,15.420000,14.540000,14.580000,13.399556,3045100
2018-07-18,14.600000,14.650000,14.320000,14.580000,13.399556,2049700
2018-07-19,14.580000,15.030000,14.500000,14.920000,13.712028,1728400
2018-07-20,14.910000,15.210000,14.880000,15.080000,13.859074,2147900
2018-07-23,15.050000,15.090000,14.780000,14.890000,13.684457,1833800
2018-07-24,14.980000,14.980000,14.660000,14.780000,13.583363,1542600
2018-07-25,14.690000,14.700000,14.250000,14.510000,13.335223,3345000
2018-07-26,14.510000,15.040000,14.500000,14.810000,13.610934,1689200
2018-07-27,14.910000,14.970000,14.550000,14.830000,13.629315,1414500
2018-07-30,14.880000,14.980000,14.590000,14.700000,13.509839,1577800
2018-07-31,14.720000,14.730000,14.410000,14.410000,13.243319,2757500
2018-08-01,14.420000,14.880000,14.400000,14.730000,13.537411,2079700
2018-08-02,14.610000,14.780000,14.410000,14.620000,13.436316,2529100
2018-08-03,14.690000,14.900000,14.600000,14.850000,13.647696,2557200
2018-08-06,14.880000,14.980000,14.740000,14.860000,13.656885,2075000
2018-08-07,14.920000,15.220000,14.820000,15.120000,13.895836,1953400
2018-08-08,15.120000,15.320000,15.010000,15.250000,14.015309,2178900
2018-08-09,15.250000,15.460000,14.980000,15.210000,13.978548,2342700
2018-08-10,15.180000,15.600000,15.100000,15.320000,14.079642,2416400
2018-08-13,15.350000,15.380000,15.110000,15.210000,13.978548,2100900
2018-08-14,15.270000,15.570000,15.200000,15.500000,14.245070,1953400
2018-08-15,15.460000,15.500000,15.190000,15.420000,14.171547,2097600
2018-08-16,15.540000,15.560000,15.220000,15.220000,13.987739,1719700
2018-08-17,15.170000,15.350000,14.990000,15.330000,14.088833,1633300
2018-08-20,15.400000,15.980000,15.350000,15.850000,14.566732,3606900
2018-08-21,16.000000,16.570000,15.830000,16.490000,15.154916,5193200
2018-08-22,16.540001,17.270000,16.510000,16.980000,15.605245,6605600
2018-08-23,16.980000,17.209999,16.620001,16.760000,15.403056,3583500
2018-08-24,16.760000,16.840000,16.200001,16.549999,15.210057,4525600
2018-08-27,16.469999,16.500000,14.550000,14.710000,13.519030,14694900
2018-08-28,14.710000,14.750000,14.000000,14.030000,12.894085,6822000
2018-08-29,14.140000,14.300000,13.750000,14.120000,12.976798,4099600
2018-08-30,13.990000,13.990000,13.520000,13.580000,12.480519,3933400
2018-08-31,13.610000,13.630000,13.180000,13.270000,12.195618,3724000
2018-09-04,13.170000,14.100000,13.080000,14.050000,12.912466,5936000
2018-09-05,13.970000,16.530001,13.960000,16.260000,14.943538,17471600
2018-09-06,16.150000,16.250000,15.080000,16.139999,14.833252,6777200
2018-09-07,15.250000,16.379999,14.760000,16.129999,14.824061,6795600
2018-09-10,16.160000,16.350000,15.870000,16.000000,14.704588,2727700
2018-09-11,16.000000,16.600000,16.000000,16.160000,14.851634,2791000
2018-09-12,16.170000,16.760000,16.170000,16.660000,15.311152,3395800
2018-09-13,16.709999,17.040001,16.610001,17.040001,15.660386,3689500
2018-09-14,16.969999,17.000000,16.469999,16.790001,15.430628,3005400
2018-09-17,16.709999,16.860001,16.500000,16.610001,15.618690,2232000
2018-09-18,16.420000,16.680000,16.350000,16.500000,15.515255,1786800
2018-09-19,16.500000,16.799999,16.450001,16.600000,15.609288,1798200
2018-09-20,16.600000,16.809999,16.450001,16.490000,15.505853,1604100
2018-09-21,16.450001,16.750000,16.430000,16.520000,15.534062,3040900
2018-09-24,16.420000,16.420000,15.490000,15.520000,14.593744,3577700
2018-09-25,15.640000,16.090000,15.300000,16.020000,15.063903,2062500
2018-09-26,16.139999,16.139999,15.540000,15.590000,14.659566,1901300
2018-09-27,15.680000,15.750000,15.430000,15.550000,14.621953,2024200
2018-09-28,15.540000,15.850000,15.190000,15.270000,14.358665,2525800
2018-10-01,15.280000,15.540000,14.980000,15.280000,14.368067,4059800
2018-10-02,15.170000,15.310000,14.840000,14.870000,13.982536,2878200
2018-10-03,15.000000,15.170000,14.750000,14.920000,14.029552,2013600
2018-10-04,14.970000,15.120000,14.720000,14.820000,13.935520,1521600
2018-10-05,14.830000,14.930000,14.580000,14.680000,13.803877,2323700
2018-10-08,14.710000,15.190000,14.660000,14.980000,14.085972,2260100
2018-10-09,14.930000,15.450000,14.700000,14.760000,13.879102,2405700
2018-10-10,14.810000,15.170000,14.810000,14.830000,13.944924,1962600
2018-10-11,14.790000,15.100000,14.650000,14.660000,13.785069,2096000
2018-10-12,14.900000,15.150000,14.700000,14.800000,13.916715,1927600
2018-10-15,14.810000,15.070000,14.780000,14.880000,13.991940,1500100
2018-10-16,14.970000,15.300000,14.780000,15.290000,14.377470,2040200
2018-10-17,15.290000,15.480000,14.780000,15.320000,14.405679,1997900
2018-10-18,15.300000,15.420000,14.900000,15.060000,14.161197,1478600
2018-10-19,14.870000,15.000000,14.470000,14.730000,13.850891,3106000
2018-10-22,14.820000,15.220000,14.690000,15.120000,14.217616,2305500
2018-10-23,14.990000,15.310000,14.790000,15.270000,14.358665,2395100
2018-10-24,15.300000,15.600000,15.070000,15.070000,14.170600,2241300
2018-10-25,15.120000,15.200000,14.280000,14.440000,13.578198,2274100
2018-10-26,14.430000,14.430000,13.640000,13.710000,12.891767,2511100
2018-10-29,13.840000,14.960000,13.770000,14.530000,13.662828,3168900
2018-10-30,14.570000,15.110000,14.400000,14.670000,13.794473,2094100
2018-10-31,14.810000,14.820000,14.260000,14.600000,13.728651,1738900
2018-11-01,14.610000,15.350000,14.600000,15.350000,14.433890,2754300
2018-11-02,15.420000,15.760000,15.190000,15.610000,14.678372,1665600
2018-11-05,15.550000,15.560000,14.890000,14.990000,14.095374,1803600
2018-11-06,14.950000,15.050000,14.830000,14.950000,14.057761,1896000
2018-11-07,15.000000,15.050000,14.650000,14.900000,14.010746,2044300
2018-11-08,14.900000,15.020000,14.780000,14.860000,13.973133,2139300
2018-11-09,14.720000,14.800000,14.320000,14.640000,13.766264,1671500
2018-11-12,14.660000,14.780000,13.860000,13.880000,13.051621,2400200
2018-11-13,13.900000,14.180000,13.780000,13.880000,13.051621,2308200
2018-11-14,14.090000,14.110000,12.880000,12.960000,12.186527,3436100
2018-11-15,12.960000,13.250000,12.770000,13.130000,12.346382,3029900
2018-11-16,12.990000,12.990000,12.450000,12.790000,12.026674,5716700
2018-11-19,12.840000,13.160000,12.770000,13.030000,12.252351,3450900
2018-11-20,12.600000,12.910000,12.140000,12.280000,11.547112,6034900
2018-11-21,12.470000,14.500000,12.310000,13.710000,12.891767,12480800
2018-11-23,13.700000,13.760000,13.160000,13.500000,12.694301,2691800
2018-11-26,13.990000,14.780000,13.990000,14.580000,13.709845,5903400
2018-11-27,14.390000,14.970000,14.200000,14.720000,13.841489,4384700
2018-11-28,14.720000,15.070000,14.720000,15.010000,14.114182,2643700
2018-11-29,15.050000,15.220000,14.540000,14.630000,13.756860,4209600
2018-11-30,12.990000,13.960000,12.800000,13.660000,12.844750,11906800
2018-12-03,13.820000,13.980000,13.530000,13.870000,13.042218,4021200
2018-12-04,13.990000,14.110000,13.440000,13.500000,12.694301,3733900
2018-12-06,13.500000,13.770000,13.240000,13.560000,12.750719,3197200
2018-12-07,13.550000,14.040000,13.500000,13.680000,12.863558,3402600
2018-12-10,13.380000,13.440000,12.830000,13.230000,12.795855,2793700
2018-12-11,13.350000,13.400000,12.850000,12.950000,12.525043,2338200
2018-12-12,13.060000,13.530000,12.980000,13.230000,12.795855,1817800
2018-12-13,13.240000,13.360000,12.670000,12.790000,12.370294,2436600
2018-12-14,12.690000,13.000000,12.690000,12.760000,12.341278,1663700
2018-12-17,12.660000,13.100000,12.550000,12.650000,12.234887,2255700
2018-12-18,12.650000,13.030000,12.610000,12.730000,12.312262,2594900
2018-12-19,12.760000,12.980000,12.520000,12.580000,12.167185,2425900
2018-12-20,12.600000,12.940000,12.210000,12.430000,12.022107,2671200
2018-12-21,12.390000,12.680000,11.770000,11.960000,11.567530,4423000
2018-12-24,11.970000,12.020000,11.640000,11.670000,11.287046,1328500
2018-12-26,11.720000,12.400000,11.560000,12.400000,11.993091,2404200
2018-12-27,12.240000,12.250000,11.630000,12.180000,11.780311,1834600
2018-12-28,12.210000,12.490000,12.010000,12.280000,11.877028,2026300
2018-12-31,12.330000,12.670000,12.310000,12.620000,12.205872,2790300
2019-01-02,12.450000,13.180000,12.420000,13.070000,12.641105,2124200
2019-01-03,12.980000,13.260000,12.690000,12.970000,12.544387,1750400
2019-01-04,14.030000,15.290000,13.700000,15.240000,14.739896,11915700
2019-01-07,15.110000,15.810000,14.940000,15.480000,14.972020,4718000
2019-01-08,15.500000,15.890000,15.150000,15.810000,15.291192,3443800
2019-01-09,15.840000,16.389999,15.720000,15.980000,15.455612,3554500
2019-01-10,15.740000,16.000000,15.520000,15.960000,15.436269,2904800
2019-01-11,15.860000,16.049999,15.770000,15.850000,15.329879,2419800
2019-01-14,15.840000,16.139999,15.570000,15.640000,15.126770,3610900
2019-01-15,15.600000,15.640000,15.190000,15.530000,15.020379,2228200
2019-01-16,15.570000,15.890000,15.380000,15.680000,15.165458,1992600
2019-01-17,15.490000,15.830000,15.300000,15.770000,15.252504,1743000
2019-01-18,16.020000,16.900000,15.880000,15.930000,15.407254,8547200
2019-01-22,15.810000,15.900000,15.160000,15.270000,14.768912,3188700
2019-01-23,15.310000,15.570000,15.130000,15.480000,14.972020,1837000
2019-01-24,15.480000,15.800000,15.440000,15.800000,15.281520,1282000
2019-01-25,15.960000,16.059999,15.730000,15.900000,15.378238,1915100
2019-01-28,15.740000,15.790000,14.990000,15.500000,14.991364,2984900
2019-01-29,12.390000,12.500000,11.110000,11.280000,10.909844,32870300
2019-01-30,11.250000,11.370000,11.110000,11.200000,10.832469,6151000
2019-01-31,11.170000,11.530000,11.100000,11.340000,10.967875,6049600
2019-02-01,11.310000,11.430000,11.180000,11.240000,10.871157,3477400
2019-02-04,11.240000,11.480000,11.000000,11.370000,10.996891,4271500
2019-02-05,11.360000,11.810000,11.350000,11.790000,11.403109,4271100
2019-02-06,11.620000,11.700000,11.400000,11.510000,11.132298,3479600
2019-02-07,11.400000,11.590000,11.230000,11.470000,11.093610,2021100
2019-02-08,11.390000,11.490000,11.310000,11.350000,10.977548,1801200
2019-02-11,11.380000,11.390000,11.160000,11.300000,10.929188,1918600
2019-02-12,11.300000,11.590000,11.300000,11.550000,11.170984,2678000
2019-02-13,11.560000,11.750000,11.380000,11.470000,11.093610,2132800
2019-02-14,11.370000,11.420000,11.240000,11.330000,10.958203,2468500
2019-02-15,11.330000,11.440000,11.280000,11.430000,11.054922,2211800
2019-02-19,11.460000,11.470000,11.130000,11.200000,10.832469,3305600
2019-02-20,11.230000,11.300000,11.150000,11.200000,10.832469,2960500
2019-02-21,11.230000,11.290000,11.010000,11.030000,10.668048,2489200
2019-02-22,11.020000,11.380000,11.020000,11.370000,10.996891,3249500
2019-02-25,11.380000,11.800000,11.380000,11.550000,11.170984,3594500
2019-02-26,11.540000,11.710000,11.500000,11.640000,11.258031,2158000
2019-02-27,11.660000,11.930000,11.620000,11.670000,11.287046,3397300
2019-02-28,11.690000,11.860000,11.590000,11.700000,11.316062,2820200
2019-03-01,11.880000,12.010000,11.750000,11.750000,11.364421,1901200
2019-03-04,11.790000,11.850000,11.470000,11.570000,11.190328,2228600
2019-03-05,12.080000,12.100000,11.360000,11.600000,11.219344,5537900
2019-03-06,11.660000,11.870000,11.560000,11.560000,11.180656,3312900
2019-03-07,11.560000,11.660000,11.440000,11.590000,11.209672,1811400
2019-03-08,11.070000,11.220000,10.750000,10.970000,10.610018,6171600
2019-03-11,10.980000,11.280000,10.890000,11.260000,10.890501,2703600
2019-03-12,11.280000,11.550000,11.230000,11.470000,11.093610,2164900
2019-03-13,11.540000,11.640000,11.470000,11.580000,11.200000,2191600
2019-03-14,11.310000,11.340000,10.900000,10.950000,10.950000,2839600
2019-03-15,10.990000,11.120000,10.900000,11.060000,11.060000,3537400
2019-03-18,11.090000,11.170000,10.980000,11.070000,11.070000,2451200
2019-03-19,11.070000,11.240000,10.900000,10.960000,10.960000,3089900
2019-03-20,10.960000,10.960000,10.400000,10.500000,10.500000,4103900
2019-03-21,10.470000,10.730000,10.350000,10.550000,10.550000,3205300
2019-03-22,10.650000,10.660000,10.440000,10.450000,10.450000,3289000
2019-03-25,10.460000,10.490000,10.070000,10.140000,10.140000,4486200
2019-03-26,10.110000,10.440000,10.090000,10.350000,10.350000,3535100
2019-03-27,10.370000,10.540000,10.250000,10.290000,10.290000,2606200
2019-03-28,10.360000,10.490000,10.070000,10.190000,10.190000,3122300
2019-03-29,10.210000,10.360000,10.150000,10.160000,10.160000,2919000
2019-04-01,10.290000,10.420000,10.040000,10.370000,10.370000,4415700
2019-04-02,10.370000,10.410000,10.090000,10.100000,10.100000,8670200
2019-04-03,8.860000,10.030000,8.820000,9.630000,9.630000,26597900
2019-04-04,9.740000,10.060000,9.650000,10.030000,10.030000,7917800
2019-04-05,9.960000,10.010000,9.790000,9.860000,9.860000,5743600
2019-04-08,9.790000,10.080000,9.730000,9.940000,9.940000,4551000
2019-04-09,9.850000,10.000000,9.810000,9.820000,9.820000,2978500
2019-04-10,9.880000,10.010000,9.880000,9.970000,9.970000,2807200
2019-04-11,9.980000,9.980000,9.740000,9.760000,9.760000,2545200
2019-04-12,9.790000,9.830000,9.290000,9.320000,9.320000,4778500
2019-04-15,9.270000,9.350000,8.810000,8.940000,8.940000,5527400
2019-04-16,9.000000,9.150000,8.950000,9.080000,9.080000,4720000
2019-04-17,9.110000,9.120000,8.750000,8.940000,8.940000,3921100
2019-04-18,8.860000,9.030000,8.740000,8.770000,8.770000,3814200
2019-04-22,8.750000,8.820000,8.530000,8.650000,8.650000,6278700
2019-04-23,8.640000,8.970000,8.640000,8.890000,8.890000,4452300
2019-04-24,8.900000,9.060000,8.890000,9.010000,9.010000,4106100
2019-04-25,8.990000,9.000000,8.720000,8.950000,8.950000,2627000
2019-04-26,8.930000,9.030000,8.880000,8.890000,8.890000,2306800
2019-04-29,8.890000,8.900000,8.710000,8.760000,8.760000,2548100
2019-04-30,8.800000,8.850000,8.650000,8.650000,8.650000,3207700
2019-05-01,8.660000,8.790000,8.470000,8.510000,8.510000,3538900
2019-05-02,8.510000,8.830000,8.510000,8.770000,8.770000,3116900
2019-05-03,8.810000,8.990000,8.770000,8.970000,8.970000,2179600
2019-05-06,8.850000,8.920000,8.660000,8.850000,8.850000,2406200
2019-05-07,8.770000,8.920000,8.690000,8.770000,8.770000,2591600
2019-05-08,8.750000,8.850000,8.650000,8.690000,8.690000,2062400
2019-05-09,8.600000,8.650000,8.480000,8.520000,8.520000,2339500
2019-05-10,8.520000,8.580000,8.360000,8.480000,8.480000,2301500
2019-05-13,8.330000,8.370000,8.170000,8.260000,8.260000,3043200
2019-05-14,8.320000,8.550000,8.240000,8.530000,8.530000,2612900
2019-05-15,8.440000,8.710000,8.440000,8.690000,8.690000,2253500
2019-05-16,8.740000,8.840000,8.640000,8.670000,8.670000,1751000
2019-05-17,8.540000,8.780000,8.540000,8.610000,8.610000,1967300
2019-05-20,8.460000,8.520000,7.980000,8.060000,8.060000,5043600
2019-05-21,8.070000,8.140000,7.890000,8.130000,8.130000,5697100
2019-05-22,8.070000,8.080000,7.760000,7.900000,7.900000,4516100
2019-05-23,7.840000,7.860000,7.670000,7.700000,7.700000,3919500
2019-05-24,7.710000,7.860000,7.710000,7.820000,7.820000,2542100
2019-05-28,7.850000,7.990000,7.740000,7.740000,7.740000,2732800
2019-05-29,7.730000,7.750000,7.390000,7.570000,7.570000,4127700
2019-05-30,7.570000,7.700000,7.530000,7.600000,7.600000,2695200
2019-05-31,7.470000,7.660000,7.320000,7.580000,7.580000,3983100
2019-06-03,7.580000,7.650000,7.420000,7.470000,7.470000,5229100
2019-06-04,7.580000,7.850000,7.520000,7.820000,7.820000,10430100
2019-06-05,5.490000,5.590000,4.710000,5.040000,5.040000,39354200
2019-06-06,4.980000,5.130000,4.840000,5.130000,5.130000,13558000
2019-06-07,5.130000,5.230000,4.990000,5.020000,5.020000,10591300
2019-06-10,5.370000,5.550000,5.290000,5.440000,5.440000,18926500
2019-06-11,5.530000,5.850000,5.490000,5.720000,5.720000,13423800
2019-06-12,5.680000,5.800000,5.500000,5.500000,5.500000,4914300
2019-06-13,5.550000,5.730000,5.490000,5.700000,5.700000,5840800
2019-06-14,5.700000,5.830000,5.610000,5.630000,5.630000,5304600
2019-06-17,5.630000,5.810000,5.600000,5.700000,5.700000,3686500
2019-06-18,5.710000,5.830000,5.670000,5.730000,5.730000,4070400
2019-06-19,5.750000,5.750000,5.610000,5.630000,5.630000,2973300
2019-06-20,5.660000,5.690000,5.520000,5.530000,5.530000,3933800
2019-06-21,5.520000,5.520000,5.310000,5.420000,5.420000,8954300
2019-06-24,5.410000,5.470000,5.280000,5.370000,5.370000,4823300
2019-06-25,5.340000,5.530000,5.320000,5.450000,5.450000,3085400
2019-06-26,5.470000,5.520000,5.380000,5.470000,5.470000,3551800
2019-06-27,5.460000,5.590000,5.430000,5.540000,5.540000,3756000
2019-06-28,5.530000,5.580000,5.440000,5.470000,5.470000,3896400
2019-07-01,5.530000,5.570000,5.340000,5.360000,5.360000,4325700
2019-07-02,5.350000,5.450000,5.320000,5.380000,5.380000,5643500
2019-07-03,5.410000,5.430000,5.270000,5.310000,5.310000,2562100
2019-07-05,5.300000,5.640000,5.270000,5.520000,5.520000,12894600
